12 25 53 3 87
47 74 83 86 89
47 8 71 59 10
71 25 36 59 89
24 41 74 18 71
61 25 77 20 47
23 18 5 16 82
26 89 81 14 67
57 49 75 89 10
29 7 62 55 42
11 84 48 60 76
88 81 69 63 84
70 62 38 49 37
78 47 5 10 46
51 73 7 66 45
60 29 64 35 4
8 57 25 38 1
18 58 27 73 3
40 78 8 80 12
11 61 89 42 2
59 28 14 68 75
34 40 67 9 16
51 85 58 45 83
28 71 40 26 10
9 73 50 43 47
58 69 75 88 60
10 45 56 81 28
47 21 43 67 64
45 28 15 17 86
58 57 83 81 23
22 78 33 9 16
11 12 44 71 32
34 30 53 20 28
65 47 22 83 7
3 63 71 1 25
28 76 29 67 71
21 7 62 64 10
85 69 37 23 71
84 32 16 36 58
82 48 2 33 44
90 81 43 26 50
76 83 11 62 44
40 51 83 21 73
19 32 4 25 84
20 76 71 51 3
52 78 49 59 38
67 65 20 16 7
74 47 10 67 63
87 19 74 59 3
90 68 35 75 9
46 12 49 26 61
27 78 85 81 37
75 5 61 53 59
12 21 14 36 13
84 61 74 82 64
14 15 50 2 89
24 80 15 57 48
64 89 81 70 55
60 82 32 14 51
30 60 27 77 50
62 24 16 20 67
85 46 70 78 86
26 24 18 36 55
12 25 55 36 62
56 51 41 80 14
87 46 63 19 42
48 58 62 43 12
44 25 14 34 61
34 86 45 17 67
29 46 69 13 78
65 74 62 79 35
45 63 55 43 57
8 47 21 31 16
86 56 3 11 76
3 81 17 5 83
42 62 44 48 19
46 86 59 43 8
48 2 60 88 27
9 89 50 69 55
39 67 42 38 73
48 87 13 7 67
63 10 6 19 67
49 82 4 22 70
73 16 60 84 41
13 68 71 80 16
12 53 55 14 11
86 59 54 68 43
1 62 37 52 75
82 55 80 41 86
67 66 14 46 15
1 56 47 60 11
47 17 9 87 57
87 34 63 60 72
3 66 85 81 45
67 47 8 90 48
15 48 40 13 78
76 31 19 15 88
40 75 71 18 72
70 76 41 13 83
67 50 48 82 52
61 62 87 11 17
51 86 88 2 42
5 17 19 30 75
29 21 47 52 75
50 22 15 23 41
81 60 41 59 3
89 20 16 81 46
62 40 52 9 3
11 71 16 89 68
60 74 51 80 22
8 64 39 84 23
35 3 62 21 25
37 24 65 3 71
69 73 45 10 64
10 61 68 50 59
82 53 67 2 10
70 52 56 57 26
29 20 69 35 52
55 44 74 26 43
14 76 62 47 23
66 56 14 72 64
14 21 27 13 70
10 81 66 26 27
55 18 45 19 28
20 13 17 39 68
9 19 42 13 1
38 28 34 61 83
61 71 80 37 60
65 79 64 26 23
16 38 64 5 3
48 87 14 39 71
62 74 4 12 47
78 41 30 60 75
28 89 19 25 86
42 15 33 63 83
53 51 60 62 42
28 80 87 24 19
89 67 21 63 9
70 21 3 40 31
51 42 26 48 72
62 1 31 22 30
81 31 77 58 7
56 80 32 85 79
37 23 62 35 64
24 4 40 62 12
51 56 28 6 5
22 88 39 4 13
74 64 8 63 89
1 55 69 71 6
80 48 6 28 76
80 46 51 64 84
1 6 16 4 31
16 73 6 71 4
26 12 14 77 47
17 57 68 42 45
10 26 54 44 36
74 49 56 6 31
26 75 35 53 3
67 21 13 6 39
87 14 42 90 17
39 72 40 10 32
11 53 89 29 2
17 29 67 7 9
37 7 35 8 69
78 86 34 79 24
27 55 90 87 80
59 66 20 58 69
20 2 60 80 31
48 16 82 86 79
16 74 78 39 18
23 88 51 30 21
31 4 70 10 56
19 5 79 41 72
61 7 21 11 58
9 81 70 57 72
24 47 84 60 12
32 2 37 85 68
86 53 31 82 68
49 1 7 3 10
64 71 1 75 13
54 51 8 13 57
66 79 27 35 44
81 34 77 64 41
47 34 43 9 65
69 15 85 3 12
21 70 7 74 75
7 58 67 9 76
44 79 68 62 30
83 77 11 31 24
52 29 12 88 71
74 86 39 2 25
83 21 65 58 86
27 31 67 70 23
2 4 28 57 34
88 22 13 6 46
1 34 74 55 76
75 1 54 50 4
24 6 16 46 65
65 6 57 39 42
66 68 18 22 57
24 45 67 57 49
62 68 20 69 30
72 60 16 40 57
58 31 34 60 83
37 41 5 45 10
70 20 9 85 60
66 4 71 50 89
19 61 52 7 88
54 11 39 57 48
72 65 50 83 30
59 22 79 48 26
35 72 52 15 85
32 17 33 73 46
34 45 5 84 19
13 41 2 70 30
11 54 32 6 74
5 71 43 64 90
44 90 47 62 33
49 37 66 62 83
58 25 18 90 14
79 69 42 25 82
55 56 70 54 11
77 57 52 35 53
74 89 15 52 17
30 37 7 79 49
60 76 49 23 3
16 24 71 4 31
36 16 72 41 23
6 17 84 20 45
75 42 60 6 33
19 89 34 27 30
87 33 35 29 15
34 78 15 88 24
71 74 50 58 79
76 82 22 73 11
24 81 66 34 84
58 57 12 62 82
32 72 47 6 17
33 82 36 80 7
69 41 51 77 84
37 46 29 4 26
13 26 44 63 67
83 79 65 47 63
2 24 9 85 8
47 32 84 77 65
71 64 56 25 10
1 54 51 59 12
42 61 23 47 4
17 11 85 73 12
20 66 75 67 12
38 10 84 51 78
10 31 74 13 30
65 13 89 14 57
66 77 39 27 48
54 63 80 44 13
4 31 70 77 6
33 43 46 71 69
65 90 55 38 45
37 1 9 33 49
44 56 45 64 79
63 89 23 67 19
43 17 57 15 18
9 14 1 56 53
13 85 44 86 17
82 80 56 61 24
53 73 15 78 86
71 85 16 6 35
80 66 88 45 12
25 26 18 68 66
50 19 74 4 76
73 54 89 44 13
10 51 69 43 39
30 25 86 43 39
6 78 10 5 41
28 19 27 75 72
88 17 45 14 12
81 45 53 4 67
81 25 79 82 16
49 81 86 3 76
18 25 65 73 39
7 1 84 18 70
50 64 88 5 80
88 65 83 11 20
70 29 58 76 54
62 12 65 77 9
40 87 22 61 35
23 63 85 7 69
3 33 71 35 4
61 47 57 35 32
28 19 12 4 83
37 33 3 89 63
80 28 29 40 14
43 38 70 42 72
86 69 67 80 60
47 38 53 61 8
39 60 54 51 50
42 19 50 34 84
30 2 67 58 51
47 67 32 45 14
15 60 19 64 42
40 19 25 35 9
34 6 39 87 48
66 15 42 27 37
35 4 70 77 63
12 25 53 3 87
47 74 83 86 89
47 8 71 59 10
71 25 36 59 89
24 41 74 18 71
61 25 77 20 47
23 18 5 16 82
26 89 81 14 67
57 49 75 89 10
29 7 62 55 42
11 84 48 60 76
88 81 69 63 84
70 62 38 49 37
78 47 5 10 46
51 73 7 66 45
60 29 64 35 4
8 57 25 38 1
18 58 27 73 3
40 78 8 80 12
11 61 89 42 2
59 28 14 68 75
34 40 67 9 16
51 85 58 45 83
28 71 40 26 10
9 73 50 43 47
58 69 75 88 60
10 45 56 81 28
47 21 43 67 64
45 28 15 17 86
58 57 83 81 23
22 78 33 9 16
11 12 44 71 32
34 30 53 20 28
65 47 22 83 7
3 63 71 1 25
28 76 29 67 71
21 7 62 64 10
85 69 37 23 71
84 32 16 36 58
82 48 2 33 44
90 81 43 26 50
76 83 11 62 44
40 51 83 21 73
19 32 4 25 84
20 76 71 51 3
52 78 49 59 38
67 65 20 16 7
74 47 10 67 63
87 19 74 59 3
90 68 35 75 9
46 12 49 26 61
27 78 85 81 37
75 5 61 53 59
12 21 14 36 13
84 61 74 82 64
14 15 50 2 89
24 80 15 57 48
64 89 81 70 55
60 82 32 14 51
30 60 27 77 50
62 24 16 20 67
85 46 70 78 86
26 24 18 36 55
12 25 55 36 62
56 51 41 80 14
87 46 63 19 42
48 58 62 43 12
44 25 14 34 61
34 86 45 17 67
29 46 69 13 78
65 74 62 79 35
45 63 55 43 57
8 47 21 31 16
86 56 3 11 76
3 81 17 5 83
42 62 44 48 19
46 86 59 43 8
48 2 60 88 27
9 89 50 69 55
39 67 42 38 73
48 87 13 7 67
63 10 6 19 67
49 82 4 22 70
73 16 60 84 41
13 68 71 80 16
12 53 55 14 11
86 59 54 68 43
1 62 37 52 75
82 55 80 41 86
67 66 14 46 15
1 56 47 60 11
47 17 9 87 57
87 34 63 60 72
3 66 85 81 45
67 47 8 90 48
15 48 40 13 78
76 31 19 15 88
40 75 71 18 72
70 76 41 13 83
67 50 48 82 52
61 62 87 11 17
51 86 88 2 42
5 17 19 30 75
29 21 47 52 75
50 22 15 23 41
81 60 41 59 3
89 20 16 81 46
62 40 52 9 3
11 71 16 89 68
60 74 51 80 22
8 64 39 84 23
35 3 62 21 25
37 24 65 3 71
69 73 45 10 64
10 61 68 50 59
82 53 67 2 10
70 52 56 57 26
29 20 69 35 52
55 44 74 26 43
14 76 62 47 23
66 56 14 72 64
14 21 27 13 70
10 81 66 26 27
55 18 45 19 28
20 13 17 39 68
9 19 42 13 1
38 28 34 61 83
61 71 80 37 60
65 79 64 26 23
16 38 64 5 3
48 87 14 39 71
62 74 4 12 47
78 41 30 60 75
28 89 19 25 86
42 15 33 63 83
53 51 60 62 42
28 80 87 24 19
89 67 21 63 9
70 21 3 40 31
51 42 26 48 72
62 1 31 22 30
81 31 77 58 7
56 80 32 85 79
37 23 62 35 64
24 4 40 62 12
51 56 28 6 5
22 88 39 4 13
74 64 8 63 89
1 55 69 71 6
80 48 6 28 76
80 46 51 64 84
1 6 16 4 31
16 73 6 71 4
26 12 14 77 47
17 57 68 42 45
10 26 54 44 36
74 49 56 6 31
26 75 35 53 3
67 21 13 6 39
87 14 42 90 17
39 72 40 10 32
11 53 89 29 2
17 29 67 7 9
37 7 35 8 69
78 86 34 79 24
27 55 90 87 80
59 66 20 58 69
20 2 60 80 31
48 16 82 86 79
16 74 78 39 18
23 88 51 30 21
31 4 70 10 56
19 5 79 41 72
61 7 21 11 58
9 81 70 57 72
24 47 84 60 12
32 2 37 85 68
86 53 31 82 68
49 1 7 3 10
64 71 1 75 13
54 51 8 13 57
66 79 27 35 44
81 34 77 64 41
47 34 43 9 65
69 15 85 3 12
21 70 7 74 75
7 58 67 9 76
44 79 68 62 30
83 77 11 31 24
52 29 12 88 71
74 86 39 2 25
83 21 65 58 86
27 31 67 70 23
2 4 28 57 34
88 22 13 6 46
1 34 74 55 76
75 1 54 50 4
24 6 16 46 65
65 6 57 39 42
66 68 18 22 57
24 45 67 57 49
62 68 20 69 30
72 60 16 40 57
58 31 34 60 83
37 41 5 45 10
70 20 9 85 60
66 4 71 50 89
19 61 52 7 88
54 11 39 57 48
72 65 50 83 30
59 22 79 48 26
35 72 52 15 85
32 17 33 73 46
34 45 5 84 19
13 41 2 70 30
11 54 32 6 74
5 71 43 64 90
44 90 47 62 33
49 37 66 62 83
58 25 18 90 14
79 69 42 25 82
55 56 70 54 11
77 57 52 35 53
74 89 15 52 17
30 37 7 79 49
60 76 49 23 3
16 24 71 4 31
36 16 72 41 23
6 17 84 20 45
75 42 60 6 33
19 89 34 27 30
87 33 35 29 15
34 78 15 88 24
71 74 50 58 79
76 82 22 73 11
24 81 66 34 84
58 57 12 62 82
32 72 47 6 17
33 82 36 80 7
69 41 51 77 84
37 46 29 4 26
13 26 44 63 67
83 79 65 47 63
2 24 9 85 8
47 32 84 77 65
71 64 56 25 10
1 54 51 59 12
42 61 23 47 4
17 11 85 73 12
20 66 75 67 12
38 10 84 51 78
10 31 74 13 30
65 13 89 14 57
66 77 39 27 48
54 63 80 44 13
4 31 70 77 6
33 43 46 71 69
65 90 55 38 45
37 1 9 33 49
44 56 45 64 79
63 89 23 67 19
43 17 57 15 18
9 14 1 56 53
13 85 44 86 17
82 80 56 61 24
53 73 15 78 86
71 85 16 6 35
80 66 88 45 12
25 26 18 68 66
50 19 74 4 76
73 54 89 44 13
10 51 69 43 39
30 25 86 43 39
6 78 10 5 41
28 19 27 75 72
88 17 45 14 12
81 45 53 4 67
81 25 79 82 16
49 81 86 3 76
18 25 65 73 39
7 1 84 18 70
50 64 88 5 80
88 65 83 11 20
70 29 58 76 54
62 12 65 77 9
40 87 22 61 35
23 63 85 7 69
3 33 71 35 4
61 47 57 35 32
28 19 12 4 83
37 33 3 89 63
80 28 29 40 14
43 38 70 42 72
86 69 67 80 60
47 38 53 61 8
39 60 54 51 50
42 19 50 34 84
30 2 67 58 51
47 67 32 45 14
15 60 19 64 42
40 19 25 35 9
34 6 39 87 48
66 15 42 27 37
35 4 70 77 63
12 25 53 3 87
47 74 83 86 89
47 8 71 59 10
71 25 36 59 89
24 41 74 18 71
61 25 77 20 47
23 18 5 16 82
26 89 81 14 67
57 49 75 89 10
29 7 62 55 42
11 84 48 60 76
88 81 69 63 84
70 62 38 49 37
78 47 5 10 46
51 73 7 66 45
60 29 64 35 4
8 57 25 38 1
18 58 27 73 3
40 78 8 80 12
11 61 89 42 2
59 28 14 68 75
34 40 67 9 16
51 85 58 45 83
28 71 40 26 10
9 73 50 43 47
58 69 75 88 60
10 45 56 81 28
47 21 43 67 64
45 28 15 17 86
58 57 83 81 23
22 78 33 9 16
11 12 44 71 32
34 30 53 20 28
65 47 22 83 7
3 63 71 1 25
28 76 29 67 71
21 7 62 64 10
85 69 37 23 71
84 32 16 36 58
82 48 2 33 44
90 81 43 26 50
76 83 11 62 44
40 51 83 21 73
19 32 4 25 84
20 76 71 51 3
52 78 49 59 38
67 65 20 16 7
74 47 10 67 63
87 19 74 59 3
90 68 35 75 9
46 12 49 26 61
27 78 85 81 37
75 5 61 53 59
12 21 14 36 13
84 61 74 82 64
14 15 50 2 89
24 80 15 57 48
64 89 81 70 55
60 82 32 14 51
30 60 27 77 50
62 24 16 20 67
85 46 70 78 86
26 24 18 36 55
12 25 55 36 62
56 51 41 80 14
87 46 63 19 42
48 58 62 43 12
44 25 14 34 61
34 86 45 17 67
29 46 69 13 78
65 74 62 79 35
45 63 55 43 57
8 47 21 31 16
86 56 3 11 76
3 81 17 5 83
42 62 44 48 19
46 86 59 43 8
48 2 60 88 27
9 89 50 69 55
39 67 42 38 73
48 87 13 7 67
63 10 6 19 67
49 82 4 22 70
73 16 60 84 41
13 68 71 80 16
12 53 55 14 11
86 59 54 68 43
1 62 37 52 75
82 55 80 41 86
67 66 14 46 15
1 56 47 60 11
47 17 9 87 57
87 34 63 60 72
3 66 85 81 45
67 47 8 90 48
15 48 40 13 78
76 31 19 15 88
40 75 71 18 72
70 76 41 13 83
67 50 48 82 52
61 62 87 11 17
51 86 88 2 42
5 17 19 30 75
29 21 47 52 75
50 22 15 23 41
81 60 41 59 3
89 20 16 81 46
62 40 52 9 3
11 71 16 89 68
60 74 51 80 22
8 64 39 84 23
35 3 62 21 25
37 24 65 3 71
69 73 45 10 64
10 61 68 50 59
82 53 67 2 10
70 52 56 57 26
29 20 69 35 52
55 44 74 26 43
14 76 62 47 23
66 56 14 72 64
14 21 27 13 70
10 81 66 26 27
55 18 45 19 28
20 13 17 39 68
9 19 42 13 1
38 28 34 61 83
61 71 80 37 60
65 79 64 26 23
16 38 64 5 3
48 87 14 39 71
62 74 4 12 47
78 41 30 60 75
28 89 19 25 86
42 15 33 63 83
53 51 60 62 42
28 80 87 24 19
89 67 21 63 9
70 21 3 40 31
51 42 26 48 72
62 1 31 22 30
81 31 77 58 7
56 80 32 85 79
37 23 62 35 64
24 4 40 62 12
51 56 28 6 5
22 88 39 4 13
74 64 8 63 89
1 55 69 71 6
80 48 6 28 76
80 46 51 64 84
1 6 16 4 31
16 73 6 71 4
26 12 14 77 47
17 57 68 42 45
10 26 54 44 36
74 49 56 6 31
26 75 35 53 3
67 21 13 6 39
87 14 42 90 17
39 72 40 10 32
11 53 89 29 2
17 29 67 7 9
37 7 35 8 69
78 86 34 79 24
27 55 90 87 80
59 66 20 58 69
20 2 60 80 31
48 16 82 86 79
16 74 78 39 18
23 88 51 30 21
31 4 70 10 56
19 5 79 41 72
61 7 21 11 58
9 81 70 57 72
24 47 84 60 12
32 2 37 85 68
86 53 31 82 68
49 1 7 3 10
64 71 1 75 13
54 51 8 13 57
66 79 27 35 44
81 34 77 64 41
47 34 43 9 65
69 15 85 3 12
21 70 7 74 75
7 58 67 9 76
44 79 68 62 30
83 77 11 31 24
52 29 12 88 71
74 86 39 2 25
83 21 65 58 86
27 31 67 70 23
2 4 28 57 34
88 22 13 6 46
1 34 74 55 76
75 1 54 50 4
24 6 16 46 65
65 6 57 39 42
66 68 18 22 57
24 45 67 57 49
62 68 20 69 30
72 60 16 40 57
58 31 34 60 83
37 41 5 45 10
70 20 9 85 60
66 4 71 50 89
19 61 52 7 88
54 11 39 57 48
72 65 50 83 30
59 22 79 48 26
35 72 52 15 85
32 17 33 73 46
34 45 5 84 19
13 41 2 70 30
11 54 32 6 74
5 71 43 64 90
44 90 47 62 33
49 37 66 62 83
58 25 18 90 14
79 69 42 25 82
55 56 70 54 11
77 57 52 35 53
74 89 15 52 17
30 37 7 79 49
60 76 49 23 3
16 24 71 4 31
36 16 72 41 23
6 17 84 20 45
75 42 60 6 33
19 89 34 27 30
87 33 35 29 15
34 78 15 88 24
71 74 50 58 79
76 82 22 73 11
24 81 66 34 84
58 57 12 62 82
32 72 47 6 17
33 82 36 80 7
69 41 51 77 84
37 46 29 4 26
13 26 44 63 67
83 79 65 47 63
2 24 9 85 8
47 32 84 77 65
71 64 56 25 10
1 54 51 59 12
42 61 23 47 4
17 11 85 73 12
20 66 75 67 12
38 10 84 51 78
10 31 74 13 30
65 13 89 14 57
66 77 39 27 48
54 63 80 44 13
4 31 70 77 6
33 43 46 71 69
65 90 55 38 45
37 1 9 33 49
44 56 45 64 79
63 89 23 67 19
43 17 57 15 18
9 14 1 56 53
13 85 44 86 17
82 80 56 61 24
53 73 15 78 86
71 85 16 6 35
80 66 88 45 12
25 26 18 68 66
50 19 74 4 76
73 54 89 44 13
10 51 69 43 39
30 25 86 43 39
6 78 10 5 41
28 19 27 75 72
88 17 45 14 12
81 45 53 4 67
81 25 79 82 16
49 81 86 3 76
18 25 65 73 39
7 1 84 18 70
50 64 88 5 80
88 65 83 11 20
70 29 58 76 54
62 12 65 77 9
40 87 22 61 35
23 63 85 7 69
3 33 71 35 4
61 47 57 35 32
28 19 12 4 83
37 33 3 89 63
80 28 29 40 14
43 38 70 42 72
86 69 67 80 60
47 38 53 61 8
39 60 54 51 50
42 19 50 34 84
30 2 67 58 51
47 67 32 45 14
15 60 19 64 42
40 19 25 35 9
34 6 39 87 48
66 15 42 27 37
35 4 70 77 63
12 25 53 3 87
47 74 83 86 89
47 8 71 59 10
71 25 36 59 89
24 41 74 18 71
61 25 77 20 47
23 18 5 16 82
26 89 81 14 67
57 49 75 89 10
29 7 62 55 42
11 84 48 60 76
88 81 69 63 84
70 62 38 49 37
78 47 5 10 46
51 73 7 66 45
60 29 64 35 4
8 57 25 38 1
18 58 27 73 3
40 78 8 80 12
11 61 89 42 2
59 28 14 68 75
34 40 67 9 16
51 85 58 45 83
28 71 40 26 10
9 73 50 43 47
58 69 75 88 60
10 45 56 81 28
47 21 43 67 64
45 28 15 17 86
58 57 83 81 23
22 78 33 9 16
11 12 44 71 32
34 30 53 20 28
65 47 22 83 7
3 63 71 1 25
28 76 29 67 71
21 7 62 64 10
85 69 37 23 71
84 32 16 36 58
82 48 2 33 44
90 81 43 26 50
76 83 11 62 44
40 51 83 21 73
19 32 4 25 84
20 76 71 51 3
52 78 49 59 38
67 65 20 16 7
74 47 10 67 63
87 19 74 59 3
90 68 35 75 9
46 12 49 26 61
27 78 85 81 37
75 5 61 53 59
12 21 14 36 13
84 61 74 82 64
14 15 50 2 89
24 80 15 57 48
64 89 81 70 55
60 82 32 14 51
30 60 27 77 50
62 24 16 20 67
85 46 70 78 86
26 24 18 36 55
12 25 55 36 62
56 51 41 80 14
87 46 63 19 42
48 58 62 43 12
44 25 14 34 61
34 86 45 17 67
29 46 69 13 78
65 74 62 79 35
45 63 55 43 57
8 47 21 31 16
86 56 3 11 76
3 81 17 5 83
42 62 44 48 19
46 86 59 43 8
48 2 60 88 27
9 89 50 69 55
39 67 42 38 73
48 87 13 7 67
63 10 6 19 67
49 82 4 22 70
73 16 60 84 41
13 68 71 80 16
12 53 55 14 11
86 59 54 68 43
1 62 37 52 75
82 55 80 41 86
67 66 14 46 15
1 56 47 60 11
47 17 9 87 57
87 34 63 60 72
3 66 85 81 45
67 47 8 90 48
15 48 40 13 78
76 31 19 15 88
40 75 71 18 72
70 76 41 13 83
67 50 48 82 52
61 62 87 11 17
51 86 88 2 42
5 17 19 30 75
29 21 47 52 75
50 22 15 23 41
81 60 41 59 3
89 20 16 81 46
62 40 52 9 3
11 71 16 89 68
60 74 51 80 22
8 64 39 84 23
35 3 62 21 25
37 24 65 3 71
69 73 45 10 64
10 61 68 50 59
82 53 67 2 10
70 52 56 57 26
29 20 69 35 52
55 44 74 26 43
14 76 62 47 23
66 56 14 72 64
14 21 27 13 70
10 81 66 26 27
55 18 45 19 28
20 13 17 39 68
9 19 42 13 1
38 28 34 61 83
61 71 80 37 60
65 79 64 26 23
16 38 64 5 3
48 87 14 39 71
62 74 4 12 47
78 41 30 60 75
28 89 19 25 86
42 15 33 63 83
53 51 60 62 42
28 80 87 24 19
89 67 21 63 9
70 21 3 40 31
51 42 26 48 72
62 1 31 22 30
81 31 77 58 7
56 80 32 85 79
37 23 62 35 64
24 4 40 62 12
51 56 28 6 5
22 88 39 4 13
74 64 8 63 89
1 55 69 71 6
80 48 6 28 76
80 46 51 64 84
1 6 16 4 31
16 73 6 71 4
26 12 14 77 47
17 57 68 42 45
10 26 54 44 36
74 49 56 6 31
26 75 35 53 3
67 21 13 6 39
87 14 42 90 17
39 72 40 10 32
11 53 89 29 2
17 29 67 7 9
37 7 35 8 69
78 86 34 79 24
27 55 90 87 80
59 66 20 58 69
20 2 60 80 31
48 16 82 86 79
16 74 78 39 18
23 88 51 30 21
31 4 70 10 56
19 5 79 41 72
61 7 21 11 58
9 81 70 57 72
24 47 84 60 12
32 2 37 85 68
86 53 31 82 68
49 1 7 3 10
64 71 1 75 13
54 51 8 13 57
66 79 27 35 44
81 34 77 64 41
47 34 43 9 65
69 15 85 3 12
21 70 7 74 75
7 58 67 9 76
44 79 68 62 30
83 77 11 31 24
52 29 12 88 71
74 86 39 2 25
83 21 65 58 86
27 31 67 70 23
2 4 28 57 34
88 22 13 6 46
1 34 74 55 76
75 1 54 50 4
24 6 16 46 65
65 6 57 39 42
66 68 18 22 57
24 45 67 57 49
62 68 20 69 30
72 60 16 40 57
58 31 34 60 83
37 41 5 45 10
70 20 9 85 60
66 4 71 50 89
19 61 52 7 88
54 11 39 57 48
72 65 50 83 30
59 22 79 48 26
35 72 52 15 85
32 17 33 73 46
34 45 5 84 19
13 41 2 70 30
11 54 32 6 74
5 71 43 64 90
44 90 47 62 33
49 37 66 62 83
58 25 18 90 14
79 69 42 25 82
55 56 70 54 11
77 57 52 35 53
74 89 15 52 17
30 37 7 79 49
60 76 49 23 3
16 24 71 4 31
36 16 72 41 23
6 17 84 20 45
75 42 60 6 33
19 89 34 27 30
87 33 35 29 15
34 78 15 88 24
71 74 50 58 79
76 82 22 73 11
24 81 66 34 84
58 57 12 62 82
32 72 47 6 17
33 82 36 80 7
69 41 51 77 84
37 46 29 4 26
13 26 44 63 67
83 79 65 47 63
2 24 9 85 8
47 32 84 77 65
71 64 56 25 10
1 54 51 59 12
42 61 23 47 4
17 11 85 73 12
20 66 75 67 12
38 10 84 51 78
10 31 74 13 30
65 13 89 14 57
66 77 39 27 48
54 63 80 44 13
4 31 70 77 6
33 43 46 71 69
65 90 55 38 45
37 1 9 33 49
44 56 45 64 79
63 89 23 67 19
43 17 57 15 18
9 14 1 56 53
13 85 44 86 17
82 80 56 61 24
53 73 15 78 86
71 85 16 6 35
80 66 88 45 12
25 26 18 68 66
50 19 74 4 76
73 54 89 44 13
10 51 69 43 39
30 25 86 43 39
6 78 10 5 41
28 19 27 75 72
88 17 45 14 12
81 45 53 4 67
81 25 79 82 16
49 81 86 3 76
18 25 65 73 39
7 1 84 18 70
50 64 88 5 80
88 65 83 11 20
70 29 58 76 54
62 12 65 77 9
40 87 22 61 35
23 63 85 7 69
3 33 71 35 4
61 47 57 35 32
28 19 12 4 83
37 33 3 89 63
80 28 29 40 14
43 38 70 42 72
86 69 67 80 60
47 38 53 61 8
39 60 54 51 50
42 19 50 34 84
30 2 67 58 51
47 67 32 45 14
15 60 19 64 42
40 19 25 35 9
34 6 39 87 48
66 15 42 27 37
35 4 70 77 63
12 25 53 3 87
47 74 83 86 89
47 8 71 59 10
71 25 36 59 89
24 41 74 18 71
61 25 77 20 47
23 18 5 16 82
26 89 81 14 67
57 49 75 89 10
29 7 62 55 42
11 84 48 60 76
88 81 69 63 84
70 62 38 49 37
78 47 5 10 46
51 73 7 66 45
60 29 64 35 4
8 57 25 38 1
18 58 27 73 3
40 78 8 80 12
11 61 89 42 2
59 28 14 68 75
34 40 67 9 16
51 85 58 45 83
28 71 40 26 10
9 73 50 43 47
58 69 75 88 60
10 45 56 81 28
47 21 43 67 64
45 28 15 17 86
58 57 83 81 23
22 78 33 9 16
11 12 44 71 32
34 30 53 20 28
65 47 22 83 7
3 63 71 1 25
28 76 29 67 71
21 7 62 64 10
85 69 37 23 71
84 32 16 36 58
82 48 2 33 44
90 81 43 26 50
76 83 11 62 44
40 51 83 21 73
19 32 4 25 84
20 76 71 51 3
52 78 49 59 38
67 65 20 16 7
74 47 10 67 63
87 19 74 59 3
90 68 35 75 9
46 12 49 26 61
27 78 85 81 37
75 5 61 53 59
12 21 14 36 13
84 61 74 82 64
14 15 50 2 89
24 80 15 57 48
64 89 81 70 55
60 82 32 14 51
30 60 27 77 50
62 24 16 20 67
85 46 70 78 86
26 24 18 36 55
12 25 55 36 62
56 51 41 80 14
87 46 63 19 42
48 58 62 43 12
44 25 14 34 61
34 86 45 17 67
29 46 69 13 78
65 74 62 79 35
45 63 55 43 57
8 47 21 31 16
86 56 3 11 76
3 81 17 5 83
42 62 44 48 19
46 86 59 43 8
48 2 60 88 27
9 89 50 69 55
39 67 42 38 73
48 87 13 7 67
63 10 6 19 67
49 82 4 22 70
73 16 60 84 41
13 68 71 80 16
12 53 55 14 11
86 59 54 68 43
1 62 37 52 75
82 55 80 41 86
67 66 14 46 15
1 56 47 60 11
47 17 9 87 57
87 34 63 60 72
3 66 85 81 45
67 47 8 90 48
15 48 40 13 78
76 31 19 15 88
40 75 71 18 72
70 76 41 13 83
67 50 48 82 52
61 62 87 11 17
51 86 88 2 42
5 17 19 30 75
29 21 47 52 75
50 22 15 23 41
81 60 41 59 3
89 20 16 81 46
62 40 52 9 3
11 71 16 89 68
60 74 51 80 22
8 64 39 84 23
35 3 62 21 25
37 24 65 3 71
69 73 45 10 64
10 61 68 50 59
82 53 67 2 10
70 52 56 57 26
29 20 69 35 52
55 44 74 26 43
14 76 62 47 23
66 56 14 72 64
14 21 27 13 70
10 81 66 26 27
55 18 45 19 28
20 13 17 39 68
9 19 42 13 1
38 28 34 61 83
61 71 80 37 60
65 79 64 26 23
16 38 64 5 3
48 87 14 39 71
62 74 4 12 47
78 41 30 60 75
28 89 19 25 86
42 15 33 63 83
53 51 60 62 42
28 80 87 24 19
89 67 21 63 9
70 21 3 40 31
51 42 26 48 72
62 1 31 22 30
81 31 77 58 7
56 80 32 85 79
37 23 62 35 64
24 4 40 62 12
51 56 28 6 5
22 88 39 4 13
74 64 8 63 89
1 55 69 71 6
80 48 6 28 76
80 46 51 64 84
1 6 16 4 31
16 73 6 71 4
26 12 14 77 47
17 57 68 42 45
10 26 54 44 36
74 49 56 6 31
26 75 35 53 3
67 21 13 6 39
87 14 42 90 17
39 72 40 10 32
11 53 89 29 2
17 29 67 7 9
37 7 35 8 69
78 86 34 79 24
27 55 90 87 80
59 66 20 58 69
20 2 60 80 31
48 16 82 86 79
16 74 78 39 18
23 88 51 30 21
31 4 70 10 56
19 5 79 41 72
61 7 21 11 58
9 81 70 57 72
24 47 84 60 12
32 2 37 85 68
86 53 31 82 68
49 1 7 3 10
64 71 1 75 13
54 51 8 13 57
66 79 27 35 44
81 34 77 64 41
47 34 43 9 65
69 15 85 3 12
21 70 7 74 75
7 58 67 9 76
44 79 68 62 30
83 77 11 31 24
52 29 12 88 71
74 86 39 2 25
83 21 65 58 86
27 31 67 70 23
2 4 28 57 34
88 22 13 6 46
1 34 74 55 76
75 1 54 50 4
24 6 16 46 65
65 6 57 39 42
66 68 18 22 57
24 45 67 57 49
62 68 20 69 30
72 60 16 40 57
58 31 34 60 83
37 41 5 45 10
70 20 9 85 60
66 4 71 50 89
19 61 52 7 88
54 11 39 57 48
72 65 50 83 30
59 22 79 48 26
35 72 52 15 85
32 17 33 73 46
34 45 5 84 19
13 41 2 70 30
11 54 32 6 74
5 71 43 64 90
44 90 47 62 33
49 37 66 62 83
58 25 18 90 14
79 69 42 25 82
55 56 70 54 11
77 57 52 35 53
74 89 15 52 17
30 37 7 79 49
60 76 49 23 3
16 24 71 4 31
36 16 72 41 23
6 17 84 20 45
75 42 60 6 33
19 89 34 27 30
87 33 35 29 15
34 78 15 88 24
71 74 50 58 79
76 82 22 73 11
24 81 66 34 84
58 57 12 62 82
32 72 47 6 17
33 82 36 80 7
69 41 51 77 84
37 46 29 4 26
13 26 44 63 67
83 79 65 47 63
2 24 9 85 8
47 32 84 77 65
71 64 56 25 10
1 54 51 59 12
42 61 23 47 4
17 11 85 73 12
20 66 75 67 12
38 10 84 51 78
10 31 74 13 30
65 13 89 14 57
66 77 39 27 48
54 63 80 44 13
4 31 70 77 6
33 43 46 71 69
65 90 55 38 45
37 1 9 33 49
44 56 45 64 79
63 89 23 67 19
43 17 57 15 18
9 14 1 56 53
13 85 44 86 17
82 80 56 61 24
53 73 15 78 86
71 85 16 6 35
80 66 88 45 12
25 26 18 68 66
50 19 74 4 76
73 54 89 44 13
10 51 69 43 39
30 25 86 43 39
6 78 10 5 41
28 19 27 75 72
88 17 45 14 12
81 45 53 4 67
81 25 79 82 16
49 81 86 3 76
18 25 65 73 39
7 1 84 18 70
50 64 88 5 80
88 65 83 11 20
70 29 58 76 54
62 12 65 77 9
40 87 22 61 35
23 63 85 7 69
3 33 71 35 4
61 47 57 35 32
28 19 12 4 83
37 33 3 89 63
80 28 29 40 14
43 38 70 42 72
86 69 67 80 60
47 38 53 61 8
39 60 54 51 50
42 19 50 34 84
30 2 67 58 51
47 67 32 45 14
15 60 19 64 42
40 19 25 35 9
34 6 39 87 48
66 15 42 27 37
35 4 70 77 63
12 25 53 3 87
47 74 83 86 89
47 8 71 59 10
71 25 36 59 89
24 41 74 18 71
61 25 77 20 47
23 18 5 16 82
26 89 81 14 67
57 49 75 89 10
29 7 62 55 42
11 84 48 60 76
88 81 69 63 84
70 62 38 49 37
78 47 5 10 46
51 73 7 66 45
60 29 64 35 4
8 57 25 38 1
18 58 27 73 3
40 78 8 80 12
11 61 89 42 2
59 28 14 68 75
34 40 67 9 16
51 85 58 45 83
28 71 40 26 10
9 73 50 43 47
58 69 75 88 60
10 45 56 81 28
47 21 43 67 64
45 28 15 17 86
58 57 83 81 23
22 78 33 9 16
11 12 44 71 32
34 30 53 20 28
65 47 22 83 7
3 63 71 1 25
28 76 29 67 71
21 7 62 64 10
85 69 37 23 71
84 32 16 36 58
82 48 2 33 44
90 81 43 26 50
76 83 11 62 44
40 51 83 21 73
19 32 4 25 84
20 76 71 51 3
52 78 49 59 38
67 65 20 16 7
74 47 10 67 63
87 19 74 59 3
90 68 35 75 9
46 12 49 26 61
27 78 85 81 37
75 5 61 53 59
12 21 14 36 13
84 61 74 82 64
14 15 50 2 89
24 80 15 57 48
64 89 81 70 55
60 82 32 14 51
30 60 27 77 50
62 24 16 20 67
85 46 70 78 86
26 24 18 36 55
12 25 55 36 62
56 51 41 80 14
87 46 63 19 42
48 58 62 43 12
44 25 14 34 61
34 86 45 17 67
29 46 69 13 78
65 74 62 79 35
45 63 55 43 57
8 47 21 31 16
86 56 3 11 76
3 81 17 5 83
42 62 44 48 19
46 86 59 43 8
48 2 60 88 27
9 89 50 69 55
39 67 42 38 73
48 87 13 7 67
63 10 6 19 67
49 82 4 22 70
73 16 60 84 41
13 68 71 80 16
12 53 55 14 11
86 59 54 68 43
1 62 37 52 75
82 55 80 41 86
67 66 14 46 15
1 56 47 60 11
47 17 9 87 57
87 34 63 60 72
3 66 85 81 45
67 47 8 90 48
15 48 40 13 78
76 31 19 15 88
40 75 71 18 72
70 76 41 13 83
67 50 48 82 52
61 62 87 11 17
51 86 88 2 42
5 17 19 30 75
29 21 47 52 75
50 22 15 23 41
81 60 41 59 3
89 20 16 81 46
62 40 52 9 3
11 71 16 89 68
60 74 51 80 22
8 64 39 84 23
35 3 62 21 25
37 24 65 3 71
69 73 45 10 64
10 61 68 50 59
82 53 67 2 10
70 52 56 57 26
29 20 69 35 52
55 44 74 26 43
14 76 62 47 23
66 56 14 72 64
14 21 27 13 70
10 81 66 26 27
55 18 45 19 28
20 13 17 39 68
9 19 42 13 1
38 28 34 61 83
61 71 80 37 60
65 79 64 26 23
16 38 64 5 3
48 87 14 39 71
62 74 4 12 47
78 41 30 60 75
28 89 19 25 86
42 15 33 63 83
53 51 60 62 42
28 80 87 24 19
89 67 21 63 9
70 21 3 40 31
51 42 26 48 72
62 1 31 22 30
81 31 77 58 7
56 80 32 85 79
37 23 62 35 64
24 4 40 62 12
51 56 28 6 5
22 88 39 4 13
74 64 8 63 89
1 55 69 71 6
80 48 6 28 76
80 46 51 64 84
1 6 16 4 31
16 73 6 71 4
26 12 14 77 47
17 57 68 42 45
10 26 54 44 36
74 49 56 6 31
26 75 35 53 3
67 21 13 6 39
87 14 42 90 17
39 72 40 10 32
11 53 89 29 2
17 29 67 7 9
37 7 35 8 69
78 86 34 79 24
27 55 90 87 80
59 66 20 58 69
20 2 60 80 31
48 16 82 86 79
16 74 78 39 18
23 88 51 30 21
31 4 70 10 56
19 5 79 41 72
61 7 21 11 58
9 81 70 57 72
24 47 84 60 12
32 2 37 85 68
86 53 31 82 68
49 1 7 3 10
64 71 1 75 13
54 51 8 13 57
66 79 27 35 44
81 34 77 64 41
47 34 43 9 65
69 15 85 3 12
21 70 7 74 75
7 58 67 9 76
44 79 68 62 30
83 77 11 31 24
52 29 12 88 71
74 86 39 2 25
83 21 65 58 86
27 31 67 70 23
2 4 28 57 34
88 22 13 6 46
1 34 74 55 76
75 1 54 50 4
24 6 16 46 65
65 6 57 39 42
66 68 18 22 57
24 45 67 57 49
62 68 20 69 30
72 60 16 40 57
58 31 34 60 83
37 41 5 45 10
70 20 9 85 60
66 4 71 50 89
19 61 52 7 88
54 11 39 57 48
72 65 50 83 30
59 22 79 48 26
35 72 52 15 85
32 17 33 73 46
34 45 5 84 19
13 41 2 70 30
11 54 32 6 74
5 71 43 64 90
44 90 47 62 33
49 37 66 62 83
58 25 18 90 14
79 69 42 25 82
55 56 70 54 11
77 57 52 35 53
74 89 15 52 17
30 37 7 79 49
60 76 49 23 3
16 24 71 4 31
36 16 72 41 23
6 17 84 20 45
75 42 60 6 33
19 89 34 27 30
87 33 35 29 15
34 78 15 88 24
71 74 50 58 79
76 82 22 73 11
24 81 66 34 84
58 57 12 62 82
32 72 47 6 17
33 82 36 80 7
69 41 51 77 84
37 46 29 4 26
13 26 44 63 67
83 79 65 47 63
2 24 9 85 8
47 32 84 77 65
71 64 56 25 10
1 54 51 59 12
42 61 23 47 4
17 11 85 73 12
20 66 75 67 12
38 10 84 51 78
10 31 74 13 30
65 13 89 14 57
66 77 39 27 48
54 63 80 44 13
4 31 70 77 6
33 43 46 71 69
65 90 55 38 45
37 1 9 33 49
44 56 45 64 79
63 89 23 67 19
43 17 57 15 18
9 14 1 56 53
13 85 44 86 17
82 80 56 61 24
53 73 15 78 86
71 85 16 6 35
80 66 88 45 12
25 26 18 68 66
50 19 74 4 76
73 54 89 44 13
10 51 69 43 39
30 25 86 43 39
6 78 10 5 41
28 19 27 75 72
88 17 45 14 12
81 45 53 4 67
81 25 79 82 16
49 81 86 3 76
18 25 65 73 39
7 1 84 18 70
50 64 88 5 80
88 65 83 11 20
70 29 58 76 54
62 12 65 77 9
40 87 22 61 35
23 63 85 7 69
3 33 71 35 4
61 47 57 35 32
28 19 12 4 83
37 33 3 89 63
80 28 29 40 14
43 38 70 42 72
86 69 67 80 60
47 38 53 61 8
39 60 54 51 50
42 19 50 34 84
30 2 67 58 51
47 67 32 45 14
15 60 19 64 42
40 19 25 35 9
34 6 39 87 48
66 15 42 27 37
35 4 70 77 63
12 25 53 3 87
47 74 83 86 89
47 8 71 59 10
71 25 36 59 89
24 41 74 18 71
61 25 77 20 47
23 18 5 16 82
26 89 81 14 67
57 49 75 89 10
29 7 62 55 42
11 84 48 60 76
88 81 69 63 84
70 62 38 49 37
78 47 5 10 46
51 73 7 66 45
60 29 64 35 4
8 57 25 38 1
18 58 27 73 3
40 78 8 80 12
11 61 89 42 2
59 28 14 68 75
34 40 67 9 16
51 85 58 45 83
28 71 40 26 10
9 73 50 43 47
58 69 75 88 60
10 45 56 81 28
47 21 43 67 64
45 28 15 17 86
58 57 83 81 23
22 78 33 9 16
11 12 44 71 32
34 30 53 20 28
65 47 22 83 7
3 63 71 1 25
28 76 29 67 71
21 7 62 64 10
85 69 37 23 71
84 32 16 36 58
82 48 2 33 44
90 81 43 26 50
76 83 11 62 44
40 51 83 21 73
19 32 4 25 84
20 76 71 51 3
52 78 49 59 38
67 65 20 16 7
74 47 10 67 63
87 19 74 59 3
90 68 35 75 9
46 12 49 26 61
27 78 85 81 37
75 5 61 53 59
12 21 14 36 13
84 61 74 82 64
14 15 50 2 89
24 80 15 57 48
64 89 81 70 55
60 82 32 14 51
30 60 27 77 50
62 24 16 20 67
85 46 70 78 86
26 24 18 36 55
12 25 55 36 62
56 51 41 80 14
87 46 63 19 42
48 58 62 43 12
44 25 14 34 61
34 86 45 17 67
29 46 69 13 78
65 74 62 79 35
45 63 55 43 57
8 47 21 31 16
86 56 3 11 76
3 81 17 5 83
42 62 44 48 19
46 86 59 43 8
48 2 60 88 27
9 89 50 69 55
39 67 42 38 73
48 87 13 7 67
63 10 6 19 67
49 82 4 22 70
73 16 60 84 41
13 68 71 80 16
12 53 55 14 11
86 59 54 68 43
1 62 37 52 75
82 55 80 41 86
67 66 14 46 15
1 56 47 60 11
47 17 9 87 57
87 34 63 60 72
3 66 85 81 45
67 47 8 90 48
15 48 40 13 78
76 31 19 15 88
40 75 71 18 72
70 76 41 13 83
67 50 48 82 52
61 62 87 11 17
51 86 88 2 42
5 17 19 30 75
29 21 47 52 75
50 22 15 23 41
81 60 41 59 3
89 20 16 81 46
62 40 52 9 3
11 71 16 89 68
60 74 51 80 22
8 64 39 84 23
35 3 62 21 25
37 24 65 3 71
69 73 45 10 64
10 61 68 50 59
82 53 67 2 10
70 52 56 57 26
29 20 69 35 52
55 44 74 26 43
14 76 62 47 23
66 56 14 72 64
14 21 27 13 70
10 81 66 26 27
55 18 45 19 28
20 13 17 39 68
9 19 42 13 1
38 28 34 61 83
61 71 80 37 60
65 79 64 26 23
16 38 64 5 3
48 87 14 39 71
62 74 4 12 47
78 41 30 60 75
28 89 19 25 86
42 15 33 63 83
53 51 60 62 42
28 80 87 24 19
89 67 21 63 9
70 21 3 40 31
51 42 26 48 72
62 1 31 22 30
81 31 77 58 7
56 80 32 85 79
37 23 62 35 64
24 4 40 62 12
51 56 28 6 5
22 88 39 4 13
74 64 8 63 89
1 55 69 71 6
80 48 6 28 76
80 46 51 64 84
1 6 16 4 31
16 73 6 71 4
26 12 14 77 47
17 57 68 42 45
10 26 54 44 36
74 49 56 6 31
26 75 35 53 3
67 21 13 6 39
87 14 42 90 17
39 72 40 10 32
11 53 89 29 2
17 29 67 7 9
37 7 35 8 69
78 86 34 79 24
27 55 90 87 80
59 66 20 58 69
20 2 60 80 31
48 16 82 86 79
16 74 78 39 18
23 88 51 30 21
31 4 70 10 56
19 5 79 41 72
61 7 21 11 58
9 81 70 57 72
24 47 84 60 12
32 2 37 85 68
86 53 31 82 68
49 1 7 3 10
64 71 1 75 13
54 51 8 13 57
66 79 27 35 44
81 34 77 64 41
47 34 43 9 65
69 15 85 3 12
21 70 7 74 75
7 58 67 9 76
44 79 68 62 30
83 77 11 31 24
52 29 12 88 71
74 86 39 2 25
83 21 65 58 86
27 31 67 70 23
2 4 28 57 34
88 22 13 6 46
1 34 74 55 76
75 1 54 50 4
24 6 16 46 65
65 6 57 39 42
66 68 18 22 57
24 45 67 57 49
62 68 20 69 30
72 60 16 40 57
58 31 34 60 83
37 41 5 45 10
70 20 9 85 60
66 4 71 50 89
19 61 52 7 88
54 11 39 57 48
72 65 50 83 30
59 22 79 48 26
35 72 52 15 85
32 17 33 73 46
34 45 5 84 19
13 41 2 70 30
11 54 32 6 74
5 71 43 64 90
44 90 47 62 33
49 37 66 62 83
58 25 18 90 14
79 69 42 25 82
55 56 70 54 11
77 57 52 35 53
74 89 15 52 17
30 37 7 79 49
60 76 49 23 3
16 24 71 4 31
36 16 72 41 23
6 17 84 20 45
75 42 60 6 33
19 89 34 27 30
87 33 35 29 15
34 78 15 88 24
71 74 50 58 79
76 82 22 73 11
24 81 66 34 84
58 57 12 62 82
32 72 47 6 17
33 82 36 80 7
69 41 51 77 84
37 46 29 4 26
13 26 44 63 67
83 79 65 47 63
2 24 9 85 8
47 32 84 77 65
71 64 56 25 10
1 54 51 59 12
42 61 23 47 4
17 11 85 73 12
20 66 75 67 12
38 10 84 51 78
10 31 74 13 30
65 13 89 14 57
66 77 39 27 48
54 63 80 44 13
4 31 70 77 6
33 43 46 71 69
65 90 55 38 45
37 1 9 33 49
44 56 45 64 79
63 89 23 67 19
43 17 57 15 18
9 14 1 56 53
13 85 44 86 17
82 80 56 61 24
53 73 15 78 86
71 85 16 6 35
80 66 88 45 12
25 26 18 68 66
50 19 74 4 76
73 54 89 44 13
10 51 69 43 39
30 25 86 43 39
6 78 10 5 41
28 19 27 75 72
88 17 45 14 12
81 45 53 4 67
81 25 79 82 16
49 81 86 3 76
18 25 65 73 39
7 1 84 18 70
50 64 88 5 80
88 65 83 11 20
70 29 58 76 54
62 12 65 77 9
40 87 22 61 35
23 63 85 7 69
3 33 71 35 4
61 47 57 35 32
28 19 12 4 83
37 33 3 89 63
80 28 29 40 14
43 38 70 42 72
86 69 67 80 60
47 38 53 61 8
39 60 54 51 50
42 19 50 34 84
30 2 67 58 51
47 67 32 45 14
15 60 19 64 42
40 19 25 35 9
34 6 39 87 48
66 15 42 27 37
35 4 70 77 63
12 25 53 3 87
47 74 83 86 89
47 8 71 59 10
71 25 36 59 89
24 41 74 18 71
61 25 77 20 47
23 18 5 16 82
26 89 81 14 67
57 49 75 89 10
29 7 62 55 42
11 84 48 60 76
88 81 69 63 84
70 62 38 49 37
78 47 5 10 46
51 73 7 66 45
60 29 64 35 4
8 57 25 38 1
18 58 27 73 3
40 78 8 80 12
11 61 89 42 2
59 28 14 68 75
34 40 67 9 16
51 85 58 45 83
28 71 40 26 10
9 73 50 43 47
58 69 75 88 60
10 45 56 81 28
47 21 43 67 64
45 28 15 17 86
58 57 83 81 23
22 78 33 9 16
11 12 44 71 32
34 30 53 20 28
65 47 22 83 7
3 63 71 1 25
28 76 29 67 71
21 7 62 64 10
85 69 37 23 71
84 32 16 36 58
82 48 2 33 44
90 81 43 26 50
76 83 11 62 44
40 51 83 21 73
19 32 4 25 84
20 76 71 51 3
52 78 49 59 38
67 65 20 16 7
74 47 10 67 63
87 19 74 59 3
90 68 35 75 9
46 12 49 26 61
27 78 85 81 37
75 5 61 53 59
12 21 14 36 13
84 61 74 82 64
14 15 50 2 89
24 80 15 57 48
64 89 81 70 55
60 82 32 14 51
30 60 27 77 50
62 24 16 20 67
85 46 70 78 86
26 24 18 36 55
12 25 55 36 62
56 51 41 80 14
87 46 63 19 42
48 58 62 43 12
44 25 14 34 61
34 86 45 17 67
29 46 69 13 78
65 74 62 79 35
45 63 55 43 57
8 47 21 31 16
86 56 3 11 76
3 81 17 5 83
42 62 44 48 19
46 86 59 43 8
48 2 60 88 27
9 89 50 69 55
39 67 42 38 73
48 87 13 7 67
63 10 6 19 67
49 82 4 22 70
73 16 60 84 41
13 68 71 80 16
12 53 55 14 11
86 59 54 68 43
1 62 37 52 75
82 55 80 41 86
67 66 14 46 15
1 56 47 60 11
47 17 9 87 57
87 34 63 60 72
3 66 85 81 45
67 47 8 90 48
15 48 40 13 78
76 31 19 15 88
40 75 71 18 72
70 76 41 13 83
67 50 48 82 52
61 62 87 11 17
51 86 88 2 42
5 17 19 30 75
29 21 47 52 75
50 22 15 23 41
81 60 41 59 3
89 20 16 81 46
62 40 52 9 3
11 71 16 89 68
60 74 51 80 22
8 64 39 84 23
35 3 62 21 25
37 24 65 3 71
69 73 45 10 64
10 61 68 50 59
82 53 67 2 10
70 52 56 57 26
29 20 69 35 52
55 44 74 26 43
14 76 62 47 23
66 56 14 72 64
14 21 27 13 70
10 81 66 26 27
55 18 45 19 28
20 13 17 39 68
9 19 42 13 1
38 28 34 61 83
61 71 80 37 60
65 79 64 26 23
16 38 64 5 3
48 87 14 39 71
62 74 4 12 47
78 41 30 60 75
28 89 19 25 86
42 15 33 63 83
53 51 60 62 42
28 80 87 24 19
89 67 21 63 9
70 21 3 40 31
51 42 26 48 72
62 1 31 22 30
81 31 77 58 7
56 80 32 85 79
37 23 62 35 64
24 4 40 62 12
51 56 28 6 5
22 88 39 4 13
74 64 8 63 89
1 55 69 71 6
80 48 6 28 76
80 46 51 64 84
1 6 16 4 31
16 73 6 71 4
26 12 14 77 47
17 57 68 42 45
10 26 54 44 36
74 49 56 6 31
26 75 35 53 3
67 21 13 6 39
87 14 42 90 17
39 72 40 10 32
11 53 89 29 2
17 29 67 7 9
37 7 35 8 69
78 86 34 79 24
27 55 90 87 80
59 66 20 58 69
20 2 60 80 31
48 16 82 86 79
16 74 78 39 18
23 88 51 30 21
31 4 70 10 56
19 5 79 41 72
61 7 21 11 58
9 81 70 57 72
24 47 84 60 12
32 2 37 85 68
86 53 31 82 68
49 1 7 3 10
64 71 1 75 13
54 51 8 13 57
66 79 27 35 44
81 34 77 64 41
47 34 43 9 65
69 15 85 3 12
21 70 7 74 75
7 58 67 9 76
44 79 68 62 30
83 77 11 31 24
52 29 12 88 71
74 86 39 2 25
83 21 65 58 86
27 31 67 70 23
2 4 28 57 34
88 22 13 6 46
1 34 74 55 76
75 1 54 50 4
24 6 16 46 65
65 6 57 39 42
66 68 18 22 57
24 45 67 57 49
62 68 20 69 30
72 60 16 40 57
58 31 34 60 83
37 41 5 45 10
70 20 9 85 60
66 4 71 50 89
19 61 52 7 88
54 11 39 57 48
72 65 50 83 30
59 22 79 48 26
35 72 52 15 85
32 17 33 73 46
34 45 5 84 19
13 41 2 70 30
11 54 32 6 74
5 71 43 64 90
44 90 47 62 33
49 37 66 62 83
58 25 18 90 14
79 69 42 25 82
55 56 70 54 11
77 57 52 35 53
74 89 15 52 17
30 37 7 79 49
60 76 49 23 3
16 24 71 4 31
36 16 72 41 23
6 17 84 20 45
75 42 60 6 33
19 89 34 27 30
87 33 35 29 15
34 78 15 88 24
71 74 50 58 79
76 82 22 73 11
24 81 66 34 84
58 57 12 62 82
32 72 47 6 17
33 82 36 80 7
69 41 51 77 84
37 46 29 4 26
13 26 44 63 67
83 79 65 47 63
2 24 9 85 8
47 32 84 77 65
71 64 56 25 10
1 54 51 59 12
42 61 23 47 4
17 11 85 73 12
20 66 75 67 12
38 10 84 51 78
10 31 74 13 30
65 13 89 14 57
66 77 39 27 48
54 63 80 44 13
4 31 70 77 6
33 43 46 71 69
65 90 55 38 45
37 1 9 33 49
44 56 45 64 79
63 89 23 67 19
43 17 57 15 18
9 14 1 56 53
13 85 44 86 17
82 80 56 61 24
53 73 15 78 86
71 85 16 6 35
80 66 88 45 12
25 26 18 68 66
50 19 74 4 76
73 54 89 44 13
10 51 69 43 39
30 25 86 43 39
6 78 10 5 41
28 19 27 75 72
88 17 45 14 12
81 45 53 4 67
81 25 79 82 16
49 81 86 3 76
18 25 65 73 39
7 1 84 18 70
50 64 88 5 80
88 65 83 11 20
70 29 58 76 54
62 12 65 77 9
40 87 22 61 35
23 63 85 7 69
3 33 71 35 4
61 47 57 35 32
28 19 12 4 83
37 33 3 89 63
80 28 29 40 14
43 38 70 42 72
86 69 67 80 60
47 38 53 61 8
39 60 54 51 50
42 19 50 34 84
30 2 67 58 51
47 67 32 45 14
15 60 19 64 42
40 19 25 35 9
34 6 39 87 48
66 15 42 27 37
35 4 70 77 63
12 25 53 3 87
47 74 83 86 89
47 8 71 59 10
71 25 36 59 89
24 41 74 18 71
61 25 77 20 47
23 18 5 16 82
26 89 81 14 67
57 49 75 89 10
29 7 62 55 42
11 84 48 60 76
88 81 69 63 84
70 62 38 49 37
78 47 5 10 46
51 73 7 66 45
60 29 64 35 4
8 57 25 38 1
18 58 27 73 3
40 78 8 80 12
11 61 89 42 2
59 28 14 68 75
34 40 67 9 16
51 85 58 45 83
28 71 40 26 10
9 73 50 43 47
58 69 75 88 60
10 45 56 81 28
47 21 43 67 64
45 28 15 17 86
58 57 83 81 23
22 78 33 9 16
11 12 44 71 32
34 30 53 20 28
65 47 22 83 7
3 63 71 1 25
28 76 29 67 71
21 7 62 64 10
85 69 37 23 71
84 32 16 36 58
82 48 2 33 44
90 81 43 26 50
76 83 11 62 44
40 51 83 21 73
19 32 4 25 84
20 76 71 51 3
52 78 49 59 38
67 65 20 16 7
74 47 10 67 63
87 19 74 59 3
90 68 35 75 9
46 12 49 26 61
27 78 85 81 37
75 5 61 53 59
12 21 14 36 13
84 61 74 82 64
14 15 50 2 89
24 80 15 57 48
64 89 81 70 55
60 82 32 14 51
30 60 27 77 50
62 24 16 20 67
85 46 70 78 86
26 24 18 36 55
12 25 55 36 62
56 51 41 80 14
87 46 63 19 42
48 58 62 43 12
44 25 14 34 61
34 86 45 17 67
29 46 69 13 78
65 74 62 79 35
45 63 55 43 57
8 47 21 31 16
86 56 3 11 76
3 81 17 5 83
42 62 44 48 19
46 86 59 43 8
48 2 60 88 27
9 89 50 69 55
39 67 42 38 73
48 87 13 7 67
63 10 6 19 67
49 82 4 22 70
73 16 60 84 41
13 68 71 80 16
12 53 55 14 11
86 59 54 68 43
1 62 37 52 75
82 55 80 41 86
67 66 14 46 15
1 56 47 60 11
47 17 9 87 57
87 34 63 60 72
3 66 85 81 45
67 47 8 90 48
15 48 40 13 78
76 31 19 15 88
40 75 71 18 72
70 76 41 13 83
67 50 48 82 52
61 62 87 11 17
51 86 88 2 42
5 17 19 30 75
29 21 47 52 75
50 22 15 23 41
81 60 41 59 3
89 20 16 81 46
62 40 52 9 3
11 71 16 89 68
60 74 51 80 22
8 64 39 84 23
35 3 62 21 25
37 24 65 3 71
69 73 45 10 64
10 61 68 50 59
82 53 67 2 10
70 52 56 57 26
29 20 69 35 52
55 44 74 26 43
14 76 62 47 23
66 56 14 72 64
14 21 27 13 70
10 81 66 26 27
55 18 45 19 28
20 13 17 39 68
9 19 42 13 1
38 28 34 61 83
61 71 80 37 60
65 79 64 26 23
16 38 64 5 3
48 87 14 39 71
62 74 4 12 47
78 41 30 60 75
28 89 19 25 86
42 15 33 63 83
53 51 60 62 42
28 80 87 24 19
89 67 21 63 9
70 21 3 40 31
51 42 26 48 72
62 1 31 22 30
81 31 77 58 7
56 80 32 85 79
37 23 62 35 64
24 4 40 62 12
51 56 28 6 5
22 88 39 4 13
74 64 8 63 89
1 55 69 71 6
80 48 6 28 76
80 46 51 64 84
1 6 16 4 31
16 73 6 71 4
26 12 14 77 47
17 57 68 42 45
10 26 54 44 36
74 49 56 6 31
26 75 35 53 3
67 21 13 6 39
87 14 42 90 17
39 72 40 10 32
11 53 89 29 2
17 29 67 7 9
37 7 35 8 69
78 86 34 79 24
27 55 90 87 80
59 66 20 58 69
20 2 60 80 31
48 16 82 86 79
16 74 78 39 18
23 88 51 30 21
31 4 70 10 56
19 5 79 41 72
61 7 21 11 58
9 81 70 57 72
24 47 84 60 12
32 2 37 85 68
86 53 31 82 68
49 1 7 3 10
64 71 1 75 13
54 51 8 13 57
66 79 27 35 44
81 34 77 64 41
47 34 43 9 65
69 15 85 3 12
21 70 7 74 75
7 58 67 9 76
44 79 68 62 30
83 77 11 31 24
52 29 12 88 71
74 86 39 2 25
83 21 65 58 86
27 31 67 70 23
2 4 28 57 34
88 22 13 6 46
1 34 74 55 76
75 1 54 50 4
24 6 16 46 65
65 6 57 39 42
66 68 18 22 57
24 45 67 57 49
62 68 20 69 30
72 60 16 40 57
58 31 34 60 83
37 41 5 45 10
70 20 9 85 60
66 4 71 50 89
19 61 52 7 88
54 11 39 57 48
72 65 50 83 30
59 22 79 48 26
35 72 52 15 85
32 17 33 73 46
34 45 5 84 19
13 41 2 70 30
11 54 32 6 74
5 71 43 64 90
44 90 47 62 33
49 37 66 62 83
58 25 18 90 14
79 69 42 25 82
55 56 70 54 11
77 57 52 35 53
74 89 15 52 17
30 37 7 79 49
60 76 49 23 3
16 24 71 4 31
36 16 72 41 23
6 17 84 20 45
75 42 60 6 33
19 89 34 27 30
87 33 35 29 15
34 78 15 88 24
71 74 50 58 79
76 82 22 73 11
24 81 66 34 84
58 57 12 62 82
32 72 47 6 17
33 82 36 80 7
69 41 51 77 84
37 46 29 4 26
13 26 44 63 67
83 79 65 47 63
2 24 9 85 8
47 32 84 77 65
71 64 56 25 10
1 54 51 59 12
42 61 23 47 4
17 11 85 73 12
20 66 75 67 12
38 10 84 51 78
10 31 74 13 30
65 13 89 14 57
66 77 39 27 48
54 63 80 44 13
4 31 70 77 6
33 43 46 71 69
65 90 55 38 45
37 1 9 33 49
44 56 45 64 79
63 89 23 67 19
43 17 57 15 18
9 14 1 56 53
13 85 44 86 17
82 80 56 61 24
53 73 15 78 86
71 85 16 6 35
80 66 88 45 12
25 26 18 68 66
50 19 74 4 76
73 54 89 44 13
10 51 69 43 39
30 25 86 43 39
6 78 10 5 41
28 19 27 75 72
88 17 45 14 12
81 45 53 4 67
81 25 79 82 16
49 81 86 3 76
18 25 65 73 39
7 1 84 18 70
50 64 88 5 80
88 65 83 11 20
70 29 58 76 54
62 12 65 77 9
40 87 22 61 35
23 63 85 7 69
3 33 71 35 4
61 47 57 35 32
28 19 12 4 83
37 33 3 89 63
80 28 29 40 14
43 38 70 42 72
86 69 67 80 60
47 38 53 61 8
39 60 54 51 50
42 19 50 34 84
30 2 67 58 51
47 67 32 45 14
15 60 19 64 42
40 19 25 35 9
34 6 39 87 48
66 15 42 27 37
35 4 70 77 63
12 25 53 3 87
47 74 83 86 89
47 8 71 59 10
71 25 36 59 89
24 41 74 18 71
61 25 77 20 47
23 18 5 16 82
26 89 81 14 67
57 49 75 89 10
29 7 62 55 42
11 84 48 60 76
88 81 69 63 84
70 62 38 49 37
78 47 5 10 46
51 73 7 66 45
60 29 64 35 4
8 57 25 38 1
18 58 27 73 3
40 78 8 80 12
11 61 89 42 2
59 28 14 68 75
34 40 67 9 16
51 85 58 45 83
28 71 40 26 10
9 73 50 43 47
58 69 75 88 60
10 45 56 81 28
47 21 43 67 64
45 28 15 17 86
58 57 83 81 23
22 78 33 9 16
11 12 44 71 32
34 30 53 20 28
65 47 22 83 7
3 63 71 1 25
28 76 29 67 71
21 7 62 64 10
85 69 37 23 71
84 32 16 36 58
82 48 2 33 44
90 81 43 26 50
76 83 11 62 44
40 51 83 21 73
19 32 4 25 84
20 76 71 51 3
52 78 49 59 38
67 65 20 16 7
74 47 10 67 63
87 19 74 59 3
90 68 35 75 9
46 12 49 26 61
27 78 85 81 37
75 5 61 53 59
12 21 14 36 13
84 61 74 82 64
14 15 50 2 89
24 80 15 57 48
64 89 81 70 55
60 82 32 14 51
30 60 27 77 50
62 24 16 20 67
85 46 70 78 86
26 24 18 36 55
12 25 55 36 62
56 51 41 80 14
87 46 63 19 42
48 58 62 43 12
44 25 14 34 61
34 86 45 17 67
29 46 69 13 78
65 74 62 79 35
45 63 55 43 57
8 47 21 31 16
86 56 3 11 76
3 81 17 5 83
42 62 44 48 19
46 86 59 43 8
48 2 60 88 27
9 89 50 69 55
39 67 42 38 73
48 87 13 7 67
63 10 6 19 67
49 82 4 22 70
73 16 60 84 41
13 68 71 80 16
12 53 55 14 11
86 59 54 68 43
1 62 37 52 75
82 55 80 41 86
67 66 14 46 15
1 56 47 60 11
47 17 9 87 57
87 34 63 60 72
3 66 85 81 45
67 47 8 90 48
15 48 40 13 78
76 31 19 15 88
40 75 71 18 72
70 76 41 13 83
67 50 48 82 52
61 62 87 11 17
51 86 88 2 42
5 17 19 30 75
29 21 47 52 75
50 22 15 23 41
81 60 41 59 3
89 20 16 81 46
62 40 52 9 3
11 71 16 89 68
60 74 51 80 22
8 64 39 84 23
35 3 62 21 25
37 24 65 3 71
69 73 45 10 64
10 61 68 50 59
82 53 67 2 10
70 52 56 57 26
29 20 69 35 52
55 44 74 26 43
14 76 62 47 23
66 56 14 72 64
14 21 27 13 70
10 81 66 26 27
55 18 45 19 28
20 13 17 39 68
9 19 42 13 1
38 28 34 61 83
61 71 80 37 60
65 79 64 26 23
16 38 64 5 3
48 87 14 39 71
62 74 4 12 47
78 41 30 60 75
28 89 19 25 86
42 15 33 63 83
53 51 60 62 42
28 80 87 24 19
89 67 21 63 9
70 21 3 40 31
51 42 26 48 72
62 1 31 22 30
81 31 77 58 7
56 80 32 85 79
37 23 62 35 64
24 4 40 62 12
51 56 28 6 5
22 88 39 4 13
74 64 8 63 89
1 55 69 71 6
80 48 6 28 76
80 46 51 64 84
1 6 16 4 31
16 73 6 71 4
26 12 14 77 47
17 57 68 42 45
10 26 54 44 36
74 49 56 6 31
26 75 35 53 3
67 21 13 6 39
87 14 42 90 17
39 72 40 10 32
11 53 89 29 2
17 29 67 7 9
37 7 35 8 69
78 86 34 79 24
27 55 90 87 80
59 66 20 58 69
20 2 60 80 31
48 16 82 86 79
16 74 78 39 18
23 88 51 30 21
31 4 70 10 56
19 5 79 41 72
61 7 21 11 58
9 81 70 57 72
24 47 84 60 12
32 2 37 85 68
86 53 31 82 68
49 1 7 3 10
64 71 1 75 13
54 51 8 13 57
66 79 27 35 44
81 34 77 64 41
47 34 43 9 65
69 15 85 3 12
21 70 7 74 75
7 58 67 9 76
44 79 68 62 30
83 77 11 31 24
52 29 12 88 71
74 86 39 2 25
83 21 65 58 86
27 31 67 70 23
2 4 28 57 34
88 22 13 6 46
1 34 74 55 76
75 1 54 50 4
24 6 16 46 65
65 6 57 39 42
66 68 18 22 57
24 45 67 57 49
62 68 20 69 30
72 60 16 40 57
58 31 34 60 83
37 41 5 45 10
70 20 9 85 60
66 4 71 50 89
19 61 52 7 88
54 11 39 57 48
72 65 50 83 30
59 22 79 48 26
35 72 52 15 85
32 17 33 73 46
34 45 5 84 19
13 41 2 70 30
11 54 32 6 74
5 71 43 64 90
44 90 47 62 33
49 37 66 62 83
58 25 18 90 14
79 69 42 25 82
55 56 70 54 11
77 57 52 35 53
74 89 15 52 17
30 37 7 79 49
60 76 49 23 3
16 24 71 4 31
36 16 72 41 23
6 17 84 20 45
75 42 60 6 33
19 89 34 27 30
87 33 35 29 15
34 78 15 88 24
71 74 50 58 79
76 82 22 73 11
24 81 66 34 84
58 57 12 62 82
32 72 47 6 17
33 82 36 80 7
69 41 51 77 84
37 46 29 4 26
13 26 44 63 67
83 79 65 47 63
2 24 9 85 8
47 32 84 77 65
71 64 56 25 10
1 54 51 59 12
42 61 23 47 4
17 11 85 73 12
20 66 75 67 12
38 10 84 51 78
10 31 74 13 30
65 13 89 14 57
66 77 39 27 48
54 63 80 44 13
4 31 70 77 6
33 43 46 71 69
65 90 55 38 45
37 1 9 33 49
44 56 45 64 79
63 89 23 67 19
43 17 57 15 18
9 14 1 56 53
13 85 44 86 17
82 80 56 61 24
53 73 15 78 86
71 85 16 6 35
80 66 88 45 12
25 26 18 68 66
50 19 74 4 76
73 54 89 44 13
10 51 69 43 39
30 25 86 43 39
6 78 10 5 41
28 19 27 75 72
88 17 45 14 12
81 45 53 4 67
81 25 79 82 16
49 81 86 3 76
18 25 65 73 39
7 1 84 18 70
50 64 88 5 80
88 65 83 11 20
70 29 58 76 54
62 12 65 77 9
40 87 22 61 35
23 63 85 7 69
3 33 71 35 4
61 47 57 35 32
28 19 12 4 83
37 33 3 89 63
80 28 29 40 14
43 38 70 42 72
86 69 67 80 60
47 38 53 61 8
39 60 54 51 50
42 19 50 34 84
30 2 67 58 51
47 67 32 45 14
15 60 19 64 42
40 19 25 35 9
34 6 39 87 48
66 15 42 27 37
35 4 70 77 63
12 25 53 3 87
47 74 83 86 89
47 8 71 59 10
71 25 36 59 89
24 41 74 18 71
61 25 77 20 47
23 18 5 16 82
26 89 81 14 67
57 49 75 89 10
29 7 62 55 42
11 84 48 60 76
88 81 69 63 84
70 62 38 49 37
78 47 5 10 46
51 73 7 66 45
60 29 64 35 4
8 57 25 38 1
18 58 27 73 3
40 78 8 80 12
11 61 89 42 2
59 28 14 68 75
34 40 67 9 16
51 85 58 45 83
28 71 40 26 10
9 73 50 43 47
58 69 75 88 60
10 45 56 81 28
47 21 43 67 64
45 28 15 17 86
58 57 83 81 23
22 78 33 9 16
11 12 44 71 32
34 30 53 20 28
65 47 22 83 7
3 63 71 1 25
28 76 29 67 71
21 7 62 64 10
85 69 37 23 71
84 32 16 36 58
82 48 2 33 44
90 81 43 26 50
76 83 11 62 44
40 51 83 21 73
19 32 4 25 84
20 76 71 51 3
52 78 49 59 38
67 65 20 16 7
74 47 10 67 63
87 19 74 59 3
90 68 35 75 9
46 12 49 26 61
27 78 85 81 37
75 5 61 53 59
12 21 14 36 13
84 61 74 82 64
14 15 50 2 89
24 80 15 57 48
64 89 81 70 55
60 82 32 14 51
30 60 27 77 50
62 24 16 20 67
85 46 70 78 86
26 24 18 36 55
12 25 55 36 62
56 51 41 80 14
87 46 63 19 42
48 58 62 43 12
44 25 14 34 61
34 86 45 17 67
29 46 69 13 78
65 74 62 79 35
45 63 55 43 57
8 47 21 31 16
86 56 3 11 76
3 81 17 5 83
42 62 44 48 19
46 86 59 43 8
48 2 60 88 27
9 89 50 69 55
39 67 42 38 73
48 87 13 7 67
63 10 6 19 67
49 82 4 22 70
73 16 60 84 41
13 68 71 80 16
12 53 55 14 11
86 59 54 68 43
1 62 37 52 75
82 55 80 41 86
67 66 14 46 15
1 56 47 60 11
47 17 9 87 57
87 34 63 60 72
3 66 85 81 45
67 47 8 90 48
15 48 40 13 78
76 31 19 15 88
40 75 71 18 72
70 76 41 13 83
67 50 48 82 52
61 62 87 11 17
51 86 88 2 42
5 17 19 30 75
29 21 47 52 75
50 22 15 23 41
81 60 41 59 3
89 20 16 81 46
62 40 52 9 3
11 71 16 89 68
60 74 51 80 22
8 64 39 84 23
35 3 62 21 25
37 24 65 3 71
69 73 45 10 64
10 61 68 50 59
82 53 67 2 10
70 52 56 57 26
29 20 69 35 52
55 44 74 26 43
14 76 62 47 23
66 56 14 72 64
14 21 27 13 70
10 81 66 26 27
55 18 45 19 28
20 13 17 39 68
9 19 42 13 1
38 28 34 61 83
61 71 80 37 60
65 79 64 26 23
16 38 64 5 3
48 87 14 39 71
62 74 4 12 47
78 41 30 60 75
28 89 19 25 86
42 15 33 63 83
53 51 60 62 42
28 80 87 24 19
89 67 21 63 9
70 21 3 40 31
51 42 26 48 72
62 1 31 22 30
81 31 77 58 7
56 80 32 85 79
37 23 62 35 64
24 4 40 62 12
51 56 28 6 5
22 88 39 4 13
74 64 8 63 89
1 55 69 71 6
80 48 6 28 76
80 46 51 64 84
1 6 16 4 31
16 73 6 71 4
26 12 14 77 47
17 57 68 42 45
10 26 54 44 36
74 49 56 6 31
26 75 35 53 3
67 21 13 6 39
87 14 42 90 17
39 72 40 10 32
11 53 89 29 2
17 29 67 7 9
37 7 35 8 69
78 86 34 79 24
27 55 90 87 80
59 66 20 58 69
20 2 60 80 31
48 16 82 86 79
16 74 78 39 18
23 88 51 30 21
31 4 70 10 56
19 5 79 41 72
61 7 21 11 58
9 81 70 57 72
24 47 84 60 12
32 2 37 85 68
86 53 31 82 68
49 1 7 3 10
64 71 1 75 13
54 51 8 13 57
66 79 27 35 44
81 34 77 64 41
47 34 43 9 65
69 15 85 3 12
21 70 7 74 75
7 58 67 9 76
44 79 68 62 30
83 77 11 31 24
52 29 12 88 71
74 86 39 2 25
83 21 65 58 86
27 31 67 70 23
2 4 28 57 34
88 22 13 6 46
1 34 74 55 76
75 1 54 50 4
24 6 16 46 65
65 6 57 39 42
66 68 18 22 57
24 45 67 57 49
62 68 20 69 30
72 60 16 40 57
58 31 34 60 83
37 41 5 45 10
70 20 9 85 60
66 4 71 50 89
19 61 52 7 88
54 11 39 57 48
72 65 50 83 30
59 22 79 48 26
35 72 52 15 85
32 17 33 73 46
34 45 5 84 19
13 41 2 70 30
11 54 32 6 74
5 71 43 64 90
44 90 47 62 33
49 37 66 62 83
58 25 18 90 14
79 69 42 25 82
55 56 70 54 11
77 57 52 35 53
74 89 15 52 17
30 37 7 79 49
60 76 49 23 3
16 24 71 4 31
36 16 72 41 23
6 17 84 20 45
75 42 60 6 33
19 89 34 27 30
87 33 35 29 15
34 78 15 88 24
71 74 50 58 79
76 82 22 73 11
24 81 66 34 84
58 57 12 62 82
32 72 47 6 17
33 82 36 80 7
69 41 51 77 84
37 46 29 4 26
13 26 44 63 67
83 79 65 47 63
2 24 9 85 8
47 32 84 77 65
71 64 56 25 10
1 54 51 59 12
42 61 23 47 4
17 11 85 73 12
20 66 75 67 12
38 10 84 51 78
10 31 74 13 30
65 13 89 14 57
66 77 39 27 48
54 63 80 44 13
4 31 70 77 6
33 43 46 71 69
65 90 55 38 45
37 1 9 33 49
44 56 45 64 79
63 89 23 67 19
43 17 57 15 18
9 14 1 56 53
13 85 44 86 17
82 80 56 61 24
53 73 15 78 86
71 85 16 6 35
80 66 88 45 12
25 26 18 68 66
50 19 74 4 76
73 54 89 44 13
10 51 69 43 39
30 25 86 43 39
6 78 10 5 41
28 19 27 75 72
88 17 45 14 12
81 45 53 4 67
81 25 79 82 16
49 81 86 3 76
18 25 65 73 39
7 1 84 18 70
50 64 88 5 80
88 65 83 11 20
70 29 58 76 54
62 12 65 77 9
40 87 22 61 35
23 63 85 7 69
3 33 71 35 4
61 47 57 35 32
28 19 12 4 83
37 33 3 89 63
80 28 29 40 14
43 38 70 42 72
86 69 67 80 60
47 38 53 61 8
39 60 54 51 50
42 19 50 34 84
30 2 67 58 51
47 67 32 45 14
15 60 19 64 42
40 19 25 35 9
34 6 39 87 48
66 15 42 27 37
35 4 70 77 63
12 25 53 3 87
47 74 83 86 89
47 8 71 59 10
71 25 36 59 89
24 41 74 18 71
61 25 77 20 47
23 18 5 16 82
26 89 81 14 67
57 49 75 89 10
29 7 62 55 42
11 84 48 60 76
88 81 69 63 84
70 62 38 49 37
78 47 5 10 46
51 73 7 66 45
60 29 64 35 4
8 57 25 38 1
18 58 27 73 3
40 78 8 80 12
11 61 89 42 2
59 28 14 68 75
34 40 67 9 16
51 85 58 45 83
28 71 40 26 10
9 73 50 43 47
58 69 75 88 60
10 45 56 81 28
47 21 43 67 64
45 28 15 17 86
58 57 83 81 23
22 78 33 9 16
11 12 44 71 32
34 30 53 20 28
65 47 22 83 7
3 63 71 1 25
28 76 29 67 71
21 7 62 64 10
85 69 37 23 71
84 32 16 36 58
82 48 2 33 44
90 81 43 26 50
76 83 11 62 44
40 51 83 21 73
19 32 4 25 84
20 76 71 51 3
52 78 49 59 38
67 65 20 16 7
74 47 10 67 63
87 19 74 59 3
90 68 35 75 9
46 12 49 26 61
27 78 85 81 37
75 5 61 53 59
12 21 14 36 13
84 61 74 82 64
14 15 50 2 89
24 80 15 57 48
64 89 81 70 55
60 82 32 14 51
30 60 27 77 50
62 24 16 20 67
85 46 70 78 86
26 24 18 36 55
12 25 55 36 62
56 51 41 80 14
87 46 63 19 42
48 58 62 43 12
44 25 14 34 61
34 86 45 17 67
29 46 69 13 78
65 74 62 79 35
45 63 55 43 57
8 47 21 31 16
86 56 3 11 76
3 81 17 5 83
42 62 44 48 19
46 86 59 43 8
48 2 60 88 27
9 89 50 69 55
39 67 42 38 73
48 87 13 7 67
63 10 6 19 67
49 82 4 22 70
73 16 60 84 41
13 68 71 80 16
12 53 55 14 11
86 59 54 68 43
1 62 37 52 75
82 55 80 41 86
67 66 14 46 15
1 56 47 60 11
47 17 9 87 57
87 34 63 60 72
3 66 85 81 45
67 47 8 90 48
15 48 40 13 78
76 31 19 15 88
40 75 71 18 72
70 76 41 13 83
67 50 48 82 52
61 62 87 11 17
51 86 88 2 42
5 17 19 30 75
29 21 47 52 75
50 22 15 23 41
81 60 41 59 3
89 20 16 81 46
62 40 52 9 3
11 71 16 89 68
60 74 51 80 22
8 64 39 84 23
35 3 62 21 25
37 24 65 3 71
69 73 45 10 64
10 61 68 50 59
82 53 67 2 10
70 52 56 57 26
29 20 69 35 52
55 44 74 26 43
14 76 62 47 23
66 56 14 72 64
14 21 27 13 70
10 81 66 26 27
55 18 45 19 28
20 13 17 39 68
9 19 42 13 1
38 28 34 61 83
61 71 80 37 60
65 79 64 26 23
16 38 64 5 3
48 87 14 39 71
62 74 4 12 47
78 41 30 60 75
28 89 19 25 86
42 15 33 63 83
53 51 60 62 42
28 80 87 24 19
89 67 21 63 9
70 21 3 40 31
51 42 26 48 72
62 1 31 22 30
81 31 77 58 7
56 80 32 85 79
37 23 62 35 64
24 4 40 62 12
51 56 28 6 5
22 88 39 4 13
74 64 8 63 89
1 55 69 71 6
80 48 6 28 76
80 46 51 64 84
1 6 16 4 31
16 73 6 71 4
26 12 14 77 47
17 57 68 42 45
10 26 54 44 36
74 49 56 6 31
26 75 35 53 3
67 21 13 6 39
87 14 42 90 17
39 72 40 10 32
11 53 89 29 2
17 29 67 7 9
37 7 35 8 69
78 86 34 79 24
27 55 90 87 80
59 66 20 58 69
20 2 60 80 31
48 16 82 86 79
16 74 78 39 18
23 88 51 30 21
31 4 70 10 56
19 5 79 41 72
61 7 21 11 58
9 81 70 57 72
24 47 84 60 12
32 2 37 85 68
86 53 31 82 68
49 1 7 3 10
64 71 1 75 13
54 51 8 13 57
66 79 27 35 44
81 34 77 64 41
47 34 43 9 65
69 15 85 3 12
21 70 7 74 75
7 58 67 9 76
44 79 68 62 30
83 77 11 31 24
52 29 12 88 71
74 86 39 2 25
83 21 65 58 86
27 31 67 70 23
2 4 28 57 34
88 22 13 6 46
1 34 74 55 76
75 1 54 50 4
24 6 16 46 65
65 6 57 39 42
66 68 18 22 57
24 45 67 57 49
62 68 20 69 30
72 60 16 40 57
58 31 34 60 83
37 41 5 45 10
70 20 9 85 60
66 4 71 50 89
19 61 52 7 88
54 11 39 57 48
72 65 50 83 30
59 22 79 48 26
35 72 52 15 85
32 17 33 73 46
34 45 5 84 19
13 41 2 70 30
11 54 32 6 74
5 71 43 64 90
44 90 47 62 33
49 37 66 62 83
58 25 18 90 14
79 69 42 25 82
55 56 70 54 11
77 57 52 35 53
74 89 15 52 17
30 37 7 79 49
60 76 49 23 3
16 24 71 4 31
36 16 72 41 23
6 17 84 20 45
75 42 60 6 33
19 89 34 27 30
87 33 35 29 15
34 78 15 88 24
71 74 50 58 79
76 82 22 73 11
24 81 66 34 84
58 57 12 62 82
32 72 47 6 17
33 82 36 80 7
69 41 51 77 84
37 46 29 4 26
13 26 44 63 67
83 79 65 47 63
2 24 9 85 8
47 32 84 77 65
71 64 56 25 10
1 54 51 59 12
42 61 23 47 4
17 11 85 73 12
20 66 75 67 12
38 10 84 51 78
10 31 74 13 30
65 13 89 14 57
66 77 39 27 48
54 63 80 44 13
4 31 70 77 6
33 43 46 71 69
65 90 55 38 45
37 1 9 33 49
44 56 45 64 79
63 89 23 67 19
43 17 57 15 18
9 14 1 56 53
13 85 44 86 17
82 80 56 61 24
53 73 15 78 86
71 85 16 6 35
80 66 88 45 12
25 26 18 68 66
50 19 74 4 76
73 54 89 44 13
10 51 69 43 39
30 25 86 43 39
6 78 10 5 41
28 19 27 75 72
88 17 45 14 12
81 45 53 4 67
81 25 79 82 16
49 81 86 3 76
18 25 65 73 39
7 1 84 18 70
50 64 88 5 80
88 65 83 11 20
70 29 58 76 54
62 12 65 77 9
40 87 22 61 35
23 63 85 7 69
3 33 71 35 4
61 47 57 35 32
28 19 12 4 83
37 33 3 89 63
80 28 29 40 14
43 38 70 42 72
86 69 67 80 60
47 38 53 61 8
39 60 54 51 50
42 19 50 34 84
30 2 67 58 51
47 67 32 45 14
15 60 19 64 42
40 19 25 35 9
34 6 39 87 48
66 15 42 27 37
35 4 70 77 63
12 25 53 3 87
47 74 83 86 89
47 8 71 59 10
71 25 36 59 89
24 41 74 18 71
61 25 77 20 47
23 18 5 16 82
26 89 81 14 67
57 49 75 89 10
29 7 62 55 42
11 84 48 60 76
88 81 69 63 84
70 62 38 49 37
78 47 5 10 46
51 73 7 66 45
60 29 64 35 4
8 57 25 38 1
18 58 27 73 3
40 78 8 80 12
11 61 89 42 2
59 28 14 68 75
34 40 67 9 16
51 85 58 45 83
28 71 40 26 10
9 73 50 43 47
58 69 75 88 60
10 45 56 81 28
47 21 43 67 64
45 28 15 17 86
58 57 83 81 23
22 78 33 9 16
11 12 44 71 32
34 30 53 20 28
65 47 22 83 7
3 63 71 1 25
28 76 29 67 71
21 7 62 64 10
85 69 37 23 71
84 32 16 36 58
82 48 2 33 44
90 81 43 26 50
76 83 11 62 44
40 51 83 21 73
19 32 4 25 84
20 76 71 51 3
52 78 49 59 38
67 65 20 16 7
74 47 10 67 63
87 19 74 59 3
90 68 35 75 9
46 12 49 26 61
27 78 85 81 37
75 5 61 53 59
12 21 14 36 13
84 61 74 82 64
14 15 50 2 89
24 80 15 57 48
64 89 81 70 55
60 82 32 14 51
30 60 27 77 50
62 24 16 20 67
85 46 70 78 86
26 24 18 36 55
12 25 55 36 62
56 51 41 80 14
87 46 63 19 42
48 58 62 43 12
44 25 14 34 61
34 86 45 17 67
29 46 69 13 78
65 74 62 79 35
45 63 55 43 57
8 47 21 31 16
86 56 3 11 76
3 81 17 5 83
42 62 44 48 19
46 86 59 43 8
48 2 60 88 27
9 89 50 69 55
39 67 42 38 73
48 87 13 7 67
63 10 6 19 67
49 82 4 22 70
73 16 60 84 41
13 68 71 80 16
12 53 55 14 11
86 59 54 68 43
1 62 37 52 75
82 55 80 41 86
67 66 14 46 15
1 56 47 60 11
47 17 9 87 57
87 34 63 60 72
3 66 85 81 45
67 47 8 90 48
15 48 40 13 78
76 31 19 15 88
40 75 71 18 72
70 76 41 13 83
67 50 48 82 52
61 62 87 11 17
51 86 88 2 42
5 17 19 30 75
29 21 47 52 75
50 22 15 23 41
81 60 41 59 3
89 20 16 81 46
62 40 52 9 3
11 71 16 89 68
60 74 51 80 22
8 64 39 84 23
35 3 62 21 25
37 24 65 3 71
69 73 45 10 64
10 61 68 50 59
82 53 67 2 10
70 52 56 57 26
29 20 69 35 52
55 44 74 26 43
14 76 62 47 23
66 56 14 72 64
14 21 27 13 70
10 81 66 26 27
55 18 45 19 28
20 13 17 39 68
9 19 42 13 1
38 28 34 61 83
61 71 80 37 60
65 79 64 26 23
16 38 64 5 3
48 87 14 39 71
62 74 4 12 47
78 41 30 60 75
28 89 19 25 86
42 15 33 63 83
53 51 60 62 42
28 80 87 24 19
89 67 21 63 9
70 21 3 40 31
51 42 26 48 72
62 1 31 22 30
81 31 77 58 7
56 80 32 85 79
37 23 62 35 64
24 4 40 62 12
51 56 28 6 5
22 88 39 4 13
74 64 8 63 89
1 55 69 71 6
80 48 6 28 76
80 46 51 64 84
1 6 16 4 31
16 73 6 71 4
26 12 14 77 47
17 57 68 42 45
10 26 54 44 36
74 49 56 6 31
26 75 35 53 3
67 21 13 6 39
87 14 42 90 17
39 72 40 10 32
11 53 89 29 2
17 29 67 7 9
37 7 35 8 69
78 86 34 79 24
27 55 90 87 80
59 66 20 58 69
20 2 60 80 31
48 16 82 86 79
16 74 78 39 18
23 88 51 30 21
31 4 70 10 56
19 5 79 41 72
61 7 21 11 58
9 81 70 57 72
24 47 84 60 12
32 2 37 85 68
86 53 31 82 68
49 1 7 3 10
64 71 1 75 13
54 51 8 13 57
66 79 27 35 44
81 34 77 64 41
47 34 43 9 65
69 15 85 3 12
21 70 7 74 75
7 58 67 9 76
44 79 68 62 30
83 77 11 31 24
52 29 12 88 71
74 86 39 2 25
83 21 65 58 86
27 31 67 70 23
2 4 28 57 34
88 22 13 6 46
1 34 74 55 76
75 1 54 50 4
24 6 16 46 65
65 6 57 39 42
66 68 18 22 57
24 45 67 57 49
62 68 20 69 30
72 60 16 40 57
58 31 34 60 83
37 41 5 45 10
70 20 9 85 60
66 4 71 50 89
19 61 52 7 88
54 11 39 57 48
72 65 50 83 30
59 22 79 48 26
35 72 52 15 85
32 17 33 73 46
34 45 5 84 19
13 41 2 70 30
11 54 32 6 74
5 71 43 64 90
44 90 47 62 33
49 37 66 62 83
58 25 18 90 14
79 69 42 25 82
55 56 70 54 11
77 57 52 35 53
74 89 15 52 17
30 37 7 79 49
60 76 49 23 3
16 24 71 4 31
36 16 72 41 23
6 17 84 20 45
75 42 60 6 33
19 89 34 27 30
87 33 35 29 15
34 78 15 88 24
71 74 50 58 79
76 82 22 73 11
24 81 66 34 84
58 57 12 62 82
32 72 47 6 17
33 82 36 80 7
69 41 51 77 84
37 46 29 4 26
13 26 44 63 67
83 79 65 47 63
2 24 9 85 8
47 32 84 77 65
71 64 56 25 10
1 54 51 59 12
42 61 23 47 4
17 11 85 73 12
20 66 75 67 12
38 10 84 51 78
10 31 74 13 30
65 13 89 14 57
66 77 39 27 48
54 63 80 44 13
4 31 70 77 6
33 43 46 71 69
65 90 55 38 45
37 1 9 33 49
44 56 45 64 79
63 89 23 67 19
43 17 57 15 18
9 14 1 56 53
13 85 44 86 17
82 80 56 61 24
53 73 15 78 86
71 85 16 6 35
80 66 88 45 12
25 26 18 68 66
50 19 74 4 76
73 54 89 44 13
10 51 69 43 39
30 25 86 43 39
6 78 10 5 41
28 19 27 75 72
88 17 45 14 12
81 45 53 4 67
81 25 79 82 16
49 81 86 3 76
18 25 65 73 39
7 1 84 18 70
50 64 88 5 80
88 65 83 11 20
70 29 58 76 54
62 12 65 77 9
40 87 22 61 35
23 63 85 7 69
3 33 71 35 4
61 47 57 35 32
28 19 12 4 83
37 33 3 89 63
80 28 29 40 14
43 38 70 42 72
86 69 67 80 60
47 38 53 61 8
39 60 54 51 50
42 19 50 34 84
30 2 67 58 51
47 67 32 45 14
15 60 19 64 42
40 19 25 35 9
34 6 39 87 48
66 15 42 27 37
35 4 70 77 63
12 25 53 3 87
47 74 83 86 89
47 8 71 59 10
71 25 36 59 89
24 41 74 18 71
61 25 77 20 47
23 18 5 16 82
26 89 81 14 67
57 49 75 89 10
29 7 62 55 42
11 84 48 60 76
88 81 69 63 84
70 62 38 49 37
78 47 5 10 46
51 73 7 66 45
60 29 64 35 4
8 57 25 38 1
18 58 27 73 3
40 78 8 80 12
11 61 89 42 2
59 28 14 68 75
34 40 67 9 16
51 85 58 45 83
28 71 40 26 10
9 73 50 43 47
58 69 75 88 60
10 45 56 81 28
47 21 43 67 64
45 28 15 17 86
58 57 83 81 23
22 78 33 9 16
11 12 44 71 32
34 30 53 20 28
65 47 22 83 7
3 63 71 1 25
28 76 29 67 71
21 7 62 64 10
85 69 37 23 71
84 32 16 36 58
82 48 2 33 44
90 81 43 26 50
76 83 11 62 44
40 51 83 21 73
19 32 4 25 84
20 76 71 51 3
52 78 49 59 38
67 65 20 16 7
74 47 10 67 63
87 19 74 59 3
90 68 35 75 9
46 12 49 26 61
27 78 85 81 37
75 5 61 53 59
12 21 14 36 13
84 61 74 82 64
14 15 50 2 89
24 80 15 57 48
64 89 81 70 55
60 82 32 14 51
30 60 27 77 50
62 24 16 20 67
85 46 70 78 86
26 24 18 36 55
12 25 55 36 62
56 51 41 80 14
87 46 63 19 42
48 58 62 43 12
44 25 14 34 61
34 86 45 17 67
29 46 69 13 78
65 74 62 79 35
45 63 55 43 57
8 47 21 31 16
86 56 3 11 76
3 81 17 5 83
42 62 44 48 19
46 86 59 43 8
48 2 60 88 27
9 89 50 69 55
39 67 42 38 73
48 87 13 7 67
63 10 6 19 67
49 82 4 22 70
73 16 60 84 41
13 68 71 80 16
12 53 55 14 11
86 59 54 68 43
1 62 37 52 75
82 55 80 41 86
67 66 14 46 15
1 56 47 60 11
47 17 9 87 57
87 34 63 60 72
3 66 85 81 45
67 47 8 90 48
15 48 40 13 78
76 31 19 15 88
40 75 71 18 72
70 76 41 13 83
67 50 48 82 52
61 62 87 11 17
51 86 88 2 42
5 17 19 30 75
29 21 47 52 75
50 22 15 23 41
81 60 41 59 3
89 20 16 81 46
62 40 52 9 3
11 71 16 89 68
60 74 51 80 22
8 64 39 84 23
35 3 62 21 25
37 24 65 3 71
69 73 45 10 64
10 61 68 50 59
82 53 67 2 10
70 52 56 57 26
29 20 69 35 52
55 44 74 26 43
14 76 62 47 23
66 56 14 72 64
14 21 27 13 70
10 81 66 26 27
55 18 45 19 28
20 13 17 39 68
9 19 42 13 1
38 28 34 61 83
61 71 80 37 60
65 79 64 26 23
16 38 64 5 3
48 87 14 39 71
62 74 4 12 47
78 41 30 60 75
28 89 19 25 86
42 15 33 63 83
53 51 60 62 42
28 80 87 24 19
89 67 21 63 9
70 21 3 40 31
51 42 26 48 72
62 1 31 22 30
81 31 77 58 7
56 80 32 85 79
37 23 62 35 64
24 4 40 62 12
51 56 28 6 5
22 88 39 4 13
74 64 8 63 89
1 55 69 71 6
80 48 6 28 76
80 46 51 64 84
1 6 16 4 31
16 73 6 71 4
26 12 14 77 47
17 57 68 42 45
10 26 54 44 36
74 49 56 6 31
26 75 35 53 3
67 21 13 6 39
87 14 42 90 17
39 72 40 10 32
11 53 89 29 2
17 29 67 7 9
37 7 35 8 69
78 86 34 79 24
27 55 90 87 80
59 66 20 58 69
20 2 60 80 31
48 16 82 86 79
16 74 78 39 18
23 88 51 30 21
31 4 70 10 56
19 5 79 41 72
61 7 21 11 58
9 81 70 57 72
24 47 84 60 12
32 2 37 85 68
86 53 31 82 68
49 1 7 3 10
64 71 1 75 13
54 51 8 13 57
66 79 27 35 44
81 34 77 64 41
47 34 43 9 65
69 15 85 3 12
21 70 7 74 75
7 58 67 9 76
44 79 68 62 30
83 77 11 31 24
52 29 12 88 71
74 86 39 2 25
83 21 65 58 86
27 31 67 70 23
2 4 28 57 34
88 22 13 6 46
1 34 74 55 76
75 1 54 50 4
24 6 16 46 65
65 6 57 39 42
66 68 18 22 57
24 45 67 57 49
62 68 20 69 30
72 60 16 40 57
58 31 34 60 83
37 41 5 45 10
70 20 9 85 60
66 4 71 50 89
19 61 52 7 88
54 11 39 57 48
72 65 50 83 30
59 22 79 48 26
35 72 52 15 85
32 17 33 73 46
34 45 5 84 19
13 41 2 70 30
11 54 32 6 74
5 71 43 64 90
44 90 47 62 33
49 37 66 62 83
58 25 18 90 14
79 69 42 25 82
55 56 70 54 11
77 57 52 35 53
74 89 15 52 17
30 37 7 79 49
60 76 49 23 3
16 24 71 4 31
36 16 72 41 23
6 17 84 20 45
75 42 60 6 33
19 89 34 27 30
87 33 35 29 15
34 78 15 88 24
71 74 50 58 79
76 82 22 73 11
24 81 66 34 84
58 57 12 62 82
32 72 47 6 17
33 82 36 80 7
69 41 51 77 84
37 46 29 4 26
13 26 44 63 67
83 79 65 47 63
2 24 9 85 8
47 32 84 77 65
71 64 56 25 10
1 54 51 59 12
42 61 23 47 4
17 11 85 73 12
20 66 75 67 12
38 10 84 51 78
10 31 74 13 30
65 13 89 14 57
66 77 39 27 48
54 63 80 44 13
4 31 70 77 6
33 43 46 71 69
65 90 55 38 45
37 1 9 33 49
44 56 45 64 79
63 89 23 67 19
43 17 57 15 18
9 14 1 56 53
13 85 44 86 17
82 80 56 61 24
53 73 15 78 86
71 85 16 6 35
80 66 88 45 12
25 26 18 68 66
50 19 74 4 76
73 54 89 44 13
10 51 69 43 39
30 25 86 43 39
6 78 10 5 41
28 19 27 75 72
88 17 45 14 12
81 45 53 4 67
81 25 79 82 16
49 81 86 3 76
18 25 65 73 39
7 1 84 18 70
50 64 88 5 80
88 65 83 11 20
70 29 58 76 54
62 12 65 77 9
40 87 22 61 35
23 63 85 7 69
3 33 71 35 4
61 47 57 35 32
28 19 12 4 83
37 33 3 89 63
80 28 29 40 14
43 38 70 42 72
86 69 67 80 60
47 38 53 61 8
39 60 54 51 50
42 19 50 34 84
30 2 67 58 51
47 67 32 45 14
15 60 19 64 42
40 19 25 35 9
34 6 39 87 48
66 15 42 27 37
35 4 70 77 63
12 25 53 3 87
47 74 83 86 89
47 8 71 59 10
71 25 36 59 89
24 41 74 18 71
61 25 77 20 47
23 18 5 16 82
26 89 81 14 67
57 49 75 89 10
29 7 62 55 42
11 84 48 60 76
88 81 69 63 84
70 62 38 49 37
78 47 5 10 46
51 73 7 66 45
60 29 64 35 4
8 57 25 38 1
18 58 27 73 3
40 78 8 80 12
11 61 89 42 2
59 28 14 68 75
34 40 67 9 16
51 85 58 45 83
28 71 40 26 10
9 73 50 43 47
58 69 75 88 60
10 45 56 81 28
47 21 43 67 64
45 28 15 17 86
58 57 83 81 23
22 78 33 9 16
11 12 44 71 32
34 30 53 20 28
65 47 22 83 7
3 63 71 1 25
28 76 29 67 71
21 7 62 64 10
85 69 37 23 71
84 32 16 36 58
82 48 2 33 44
90 81 43 26 50
76 83 11 62 44
40 51 83 21 73
19 32 4 25 84
20 76 71 51 3
52 78 49 59 38
67 65 20 16 7
74 47 10 67 63
87 19 74 59 3
90 68 35 75 9
46 12 49 26 61
27 78 85 81 37
75 5 61 53 59
12 21 14 36 13
84 61 74 82 64
14 15 50 2 89
24 80 15 57 48
64 89 81 70 55
60 82 32 14 51
30 60 27 77 50
62 24 16 20 67
85 46 70 78 86
26 24 18 36 55
12 25 55 36 62
56 51 41 80 14
87 46 63 19 42
48 58 62 43 12
44 25 14 34 61
34 86 45 17 67
29 46 69 13 78
65 74 62 79 35
45 63 55 43 57
8 47 21 31 16
86 56 3 11 76
3 81 17 5 83
42 62 44 48 19
46 86 59 43 8
48 2 60 88 27
9 89 50 69 55
39 67 42 38 73
48 87 13 7 67
63 10 6 19 67
49 82 4 22 70
73 16 60 84 41
13 68 71 80 16
12 53 55 14 11
86 59 54 68 43
1 62 37 52 75
82 55 80 41 86
67 66 14 46 15
1 56 47 60 11
47 17 9 87 57
87 34 63 60 72
3 66 85 81 45
67 47 8 90 48
15 48 40 13 78
76 31 19 15 88
40 75 71 18 72
70 76 41 13 83
67 50 48 82 52
61 62 87 11 17
51 86 88 2 42
5 17 19 30 75
29 21 47 52 75
50 22 15 23 41
81 60 41 59 3
89 20 16 81 46
62 40 52 9 3
11 71 16 89 68
60 74 51 80 22
8 64 39 84 23
35 3 62 21 25
37 24 65 3 71
69 73 45 10 64
10 61 68 50 59
82 53 67 2 10
70 52 56 57 26
29 20 69 35 52
55 44 74 26 43
14 76 62 47 23
66 56 14 72 64
14 21 27 13 70
10 81 66 26 27
55 18 45 19 28
20 13 17 39 68
9 19 42 13 1
38 28 34 61 83
61 71 80 37 60
65 79 64 26 23
16 38 64 5 3
48 87 14 39 71
62 74 4 12 47
78 41 30 60 75
28 89 19 25 86
42 15 33 63 83
53 51 60 62 42
28 80 87 24 19
89 67 21 63 9
70 21 3 40 31
51 42 26 48 72
62 1 31 22 30
81 31 77 58 7
56 80 32 85 79
37 23 62 35 64
24 4 40 62 12
51 56 28 6 5
22 88 39 4 13
74 64 8 63 89
1 55 69 71 6
80 48 6 28 76
80 46 51 64 84
1 6 16 4 31
16 73 6 71 4
26 12 14 77 47
17 57 68 42 45
10 26 54 44 36
74 49 56 6 31
26 75 35 53 3
67 21 13 6 39
87 14 42 90 17
39 72 40 10 32
11 53 89 29 2
17 29 67 7 9
37 7 35 8 69
78 86 34 79 24
27 55 90 87 80
59 66 20 58 69
20 2 60 80 31
48 16 82 86 79
16 74 78 39 18
23 88 51 30 21
31 4 70 10 56
19 5 79 41 72
61 7 21 11 58
9 81 70 57 72
24 47 84 60 12
32 2 37 85 68
86 53 31 82 68
49 1 7 3 10
64 71 1 75 13
54 51 8 13 57
66 79 27 35 44
81 34 77 64 41
47 34 43 9 65
69 15 85 3 12
21 70 7 74 75
7 58 67 9 76
44 79 68 62 30
83 77 11 31 24
52 29 12 88 71
74 86 39 2 25
83 21 65 58 86
27 31 67 70 23
2 4 28 57 34
88 22 13 6 46
1 34 74 55 76
75 1 54 50 4
24 6 16 46 65
65 6 57 39 42
66 68 18 22 57
24 45 67 57 49
62 68 20 69 30
72 60 16 40 57
58 31 34 60 83
37 41 5 45 10
70 20 9 85 60
66 4 71 50 89
19 61 52 7 88
54 11 39 57 48
72 65 50 83 30
59 22 79 48 26
35 72 52 15 85
32 17 33 73 46
34 45 5 84 19
13 41 2 70 30
11 54 32 6 74
5 71 43 64 90
44 90 47 62 33
49 37 66 62 83
58 25 18 90 14
79 69 42 25 82
55 56 70 54 11
77 57 52 35 53
74 89 15 52 17
30 37 7 79 49
60 76 49 23 3
16 24 71 4 31
36 16 72 41 23
6 17 84 20 45
75 42 60 6 33
19 89 34 27 30
87 33 35 29 15
34 78 15 88 24
71 74 50 58 79
76 82 22 73 11
24 81 66 34 84
58 57 12 62 82
32 72 47 6 17
33 82 36 80 7
69 41 51 77 84
37 46 29 4 26
13 26 44 63 67
83 79 65 47 63
2 24 9 85 8
47 32 84 77 65
71 64 56 25 10
1 54 51 59 12
42 61 23 47 4
17 11 85 73 12
20 66 75 67 12
38 10 84 51 78
10 31 74 13 30
65 13 89 14 57
66 77 39 27 48
54 63 80 44 13
4 31 70 77 6
33 43 46 71 69
65 90 55 38 45
37 1 9 33 49
44 56 45 64 79
63 89 23 67 19
43 17 57 15 18
9 14 1 56 53
13 85 44 86 17
82 80 56 61 24
53 73 15 78 86
71 85 16 6 35
80 66 88 45 12
25 26 18 68 66
50 19 74 4 76
73 54 89 44 13
10 51 69 43 39
30 25 86 43 39
6 78 10 5 41
28 19 27 75 72
88 17 45 14 12
81 45 53 4 67
81 25 79 82 16
49 81 86 3 76
18 25 65 73 39
7 1 84 18 70
50 64 88 5 80
88 65 83 11 20
70 29 58 76 54
62 12 65 77 9
40 87 22 61 35
23 63 85 7 69
3 33 71 35 4
61 47 57 35 32
28 19 12 4 83
37 33 3 89 63
80 28 29 40 14
43 38 70 42 72
86 69 67 80 60
47 38 53 61 8
39 60 54 51 50
42 19 50 34 84
30 2 67 58 51
47 67 32 45 14
15 60 19 64 42
40 19 25 35 9
34 6 39 87 48
66 15 42 27 37
35 4 70 77 63
12 25 53 3 87
47 74 83 86 89
47 8 71 59 10
71 25 36 59 89
24 41 74 18 71
61 25 77 20 47
23 18 5 16 82
26 89 81 14 67
57 49 75 89 10
29 7 62 55 42
11 84 48 60 76
88 81 69 63 84
70 62 38 49 37
78 47 5 10 46
51 73 7 66 45
60 29 64 35 4
8 57 25 38 1
18 58 27 73 3
40 78 8 80 12
11 61 89 42 2
59 28 14 68 75
34 40 67 9 16
51 85 58 45 83
28 71 40 26 10
9 73 50 43 47
58 69 75 88 60
10 45 56 81 28
47 21 43 67 64
45 28 15 17 86
58 57 83 81 23
22 78 33 9 16
11 12 44 71 32
34 30 53 20 28
65 47 22 83 7
3 63 71 1 25
28 76 29 67 71
21 7 62 64 10
85 69 37 23 71
84 32 16 36 58
82 48 2 33 44
90 81 43 26 50
76 83 11 62 44
40 51 83 21 73
19 32 4 25 84
20 76 71 51 3
52 78 49 59 38
67 65 20 16 7
74 47 10 67 63
87 19 74 59 3
90 68 35 75 9
46 12 49 26 61
27 78 85 81 37
75 5 61 53 59
12 21 14 36 13
84 61 74 82 64
14 15 50 2 89
24 80 15 57 48
64 89 81 70 55
60 82 32 14 51
30 60 27 77 50
62 24 16 20 67
85 46 70 78 86
26 24 18 36 55
12 25 55 36 62
56 51 41 80 14
87 46 63 19 42
48 58 62 43 12
44 25 14 34 61
34 86 45 17 67
29 46 69 13 78
65 74 62 79 35
45 63 55 43 57
8 47 21 31 16
86 56 3 11 76
3 81 17 5 83
42 62 44 48 19
46 86 59 43 8
48 2 60 88 27
9 89 50 69 55
39 67 42 38 73
48 87 13 7 67
63 10 6 19 67
49 82 4 22 70
73 16 60 84 41
13 68 71 80 16
12 53 55 14 11
86 59 54 68 43
1 62 37 52 75
82 55 80 41 86
67 66 14 46 15
1 56 47 60 11
47 17 9 87 57
87 34 63 60 72
3 66 85 81 45
67 47 8 90 48
15 48 40 13 78
76 31 19 15 88
40 75 71 18 72
70 76 41 13 83
67 50 48 82 52
61 62 87 11 17
51 86 88 2 42
5 17 19 30 75
29 21 47 52 75
50 22 15 23 41
81 60 41 59 3
89 20 16 81 46
62 40 52 9 3
11 71 16 89 68
60 74 51 80 22
8 64 39 84 23
35 3 62 21 25
37 24 65 3 71
69 73 45 10 64
10 61 68 50 59
82 53 67 2 10
70 52 56 57 26
29 20 69 35 52
55 44 74 26 43
14 76 62 47 23
66 56 14 72 64
14 21 27 13 70
10 81 66 26 27
55 18 45 19 28
20 13 17 39 68
9 19 42 13 1
38 28 34 61 83
61 71 80 37 60
65 79 64 26 23
16 38 64 5 3
48 87 14 39 71
62 74 4 12 47
78 41 30 60 75
28 89 19 25 86
42 15 33 63 83
53 51 60 62 42
28 80 87 24 19
89 67 21 63 9
70 21 3 40 31
51 42 26 48 72
62 1 31 22 30
81 31 77 58 7
56 80 32 85 79
37 23 62 35 64
24 4 40 62 12
51 56 28 6 5
22 88 39 4 13
74 64 8 63 89
1 55 69 71 6
80 48 6 28 76
80 46 51 64 84
1 6 16 4 31
16 73 6 71 4
26 12 14 77 47
17 57 68 42 45
10 26 54 44 36
74 49 56 6 31
26 75 35 53 3
67 21 13 6 39
87 14 42 90 17
39 72 40 10 32
11 53 89 29 2
17 29 67 7 9
37 7 35 8 69
78 86 34 79 24
27 55 90 87 80
59 66 20 58 69
20 2 60 80 31
48 16 82 86 79
16 74 78 39 18
23 88 51 30 21
31 4 70 10 56
19 5 79 41 72
61 7 21 11 58
9 81 70 57 72
24 47 84 60 12
32 2 37 85 68
86 53 31 82 68
49 1 7 3 10
64 71 1 75 13
54 51 8 13 57
66 79 27 35 44
81 34 77 64 41
47 34 43 9 65
69 15 85 3 12
21 70 7 74 75
7 58 67 9 76
44 79 68 62 30
83 77 11 31 24
52 29 12 88 71
74 86 39 2 25
83 21 65 58 86
27 31 67 70 23
2 4 28 57 34
88 22 13 6 46
1 34 74 55 76
75 1 54 50 4
24 6 16 46 65
65 6 57 39 42
66 68 18 22 57
24 45 67 57 49
62 68 20 69 30
72 60 16 40 57
58 31 34 60 83
37 41 5 45 10
70 20 9 85 60
66 4 71 50 89
19 61 52 7 88
54 11 39 57 48
72 65 50 83 30
59 22 79 48 26
35 72 52 15 85
32 17 33 73 46
34 45 5 84 19
13 41 2 70 30
11 54 32 6 74
5 71 43 64 90
44 90 47 62 33
49 37 66 62 83
58 25 18 90 14
79 69 42 25 82
55 56 70 54 11
77 57 52 35 53
74 89 15 52 17
30 37 7 79 49
60 76 49 23 3
16 24 71 4 31
36 16 72 41 23
6 17 84 20 45
75 42 60 6 33
19 89 34 27 30
87 33 35 29 15
34 78 15 88 24
71 74 50 58 79
76 82 22 73 11
24 81 66 34 84
58 57 12 62 82
32 72 47 6 17
33 82 36 80 7
69 41 51 77 84
37 46 29 4 26
13 26 44 63 67
83 79 65 47 63
2 24 9 85 8
47 32 84 77 65
71 64 56 25 10
1 54 51 59 12
42 61 23 47 4
17 11 85 73 12
20 66 75 67 12
38 10 84 51 78
10 31 74 13 30
65 13 89 14 57
66 77 39 27 48
54 63 80 44 13
4 31 70 77 6
33 43 46 71 69
65 90 55 38 45
37 1 9 33 49
44 56 45 64 79
63 89 23 67 19
43 17 57 15 18
9 14 1 56 53
13 85 44 86 17
82 80 56 61 24
53 73 15 78 86
71 85 16 6 35
80 66 88 45 12
25 26 18 68 66
50 19 74 4 76
73 54 89 44 13
10 51 69 43 39
30 25 86 43 39
6 78 10 5 41
28 19 27 75 72
88 17 45 14 12
81 45 53 4 67
81 25 79 82 16
49 81 86 3 76
18 25 65 73 39
7 1 84 18 70
50 64 88 5 80
88 65 83 11 20
70 29 58 76 54
62 12 65 77 9
40 87 22 61 35
23 63 85 7 69
3 33 71 35 4
61 47 57 35 32
28 19 12 4 83
37 33 3 89 63
80 28 29 40 14
43 38 70 42 72
86 69 67 80 60
47 38 53 61 8
39 60 54 51 50
42 19 50 34 84
30 2 67 58 51
47 67 32 45 14
15 60 19 64 42
40 19 25 35 9
34 6 39 87 48
66 15 42 27 37
35 4 70 77 63
12 25 53 3 87
47 74 83 86 89
47 8 71 59 10
71 25 36 59 89
24 41 74 18 71
61 25 77 20 47
23 18 5 16 82
26 89 81 14 67
57 49 75 89 10
29 7 62 55 42
11 84 48 60 76
88 81 69 63 84
70 62 38 49 37
78 47 5 10 46
51 73 7 66 45
60 29 64 35 4
8 57 25 38 1
18 58 27 73 3
40 78 8 80 12
11 61 89 42 2
59 28 14 68 75
34 40 67 9 16
51 85 58 45 83
28 71 40 26 10
9 73 50 43 47
58 69 75 88 60
10 45 56 81 28
47 21 43 67 64
45 28 15 17 86
58 57 83 81 23
22 78 33 9 16
11 12 44 71 32
34 30 53 20 28
65 47 22 83 7
3 63 71 1 25
28 76 29 67 71
21 7 62 64 10
85 69 37 23 71
84 32 16 36 58
82 48 2 33 44
90 81 43 26 50
76 83 11 62 44
40 51 83 21 73
19 32 4 25 84
20 76 71 51 3
52 78 49 59 38
67 65 20 16 7
74 47 10 67 63
87 19 74 59 3
90 68 35 75 9
46 12 49 26 61
27 78 85 81 37
75 5 61 53 59
12 21 14 36 13
84 61 74 82 64
14 15 50 2 89
24 80 15 57 48
64 89 81 70 55
60 82 32 14 51
30 60 27 77 50
62 24 16 20 67
85 46 70 78 86
26 24 18 36 55
12 25 55 36 62
56 51 41 80 14
87 46 63 19 42
48 58 62 43 12
44 25 14 34 61
34 86 45 17 67
29 46 69 13 78
65 74 62 79 35
45 63 55 43 57
8 47 21 31 16
86 56 3 11 76
3 81 17 5 83
42 62 44 48 19
46 86 59 43 8
48 2 60 88 27
9 89 50 69 55
39 67 42 38 73
48 87 13 7 67
63 10 6 19 67
49 82 4 22 70
73 16 60 84 41
13 68 71 80 16
12 53 55 14 11
86 59 54 68 43
1 62 37 52 75
82 55 80 41 86
67 66 14 46 15
1 56 47 60 11
47 17 9 87 57
87 34 63 60 72
3 66 85 81 45
67 47 8 90 48
15 48 40 13 78
76 31 19 15 88
40 75 71 18 72
70 76 41 13 83
67 50 48 82 52
61 62 87 11 17
51 86 88 2 42
5 17 19 30 75
29 21 47 52 75
50 22 15 23 41
81 60 41 59 3
89 20 16 81 46
62 40 52 9 3
11 71 16 89 68
60 74 51 80 22
8 64 39 84 23
35 3 62 21 25
37 24 65 3 71
69 73 45 10 64
10 61 68 50 59
82 53 67 2 10
70 52 56 57 26
29 20 69 35 52
55 44 74 26 43
14 76 62 47 23
66 56 14 72 64
14 21 27 13 70
10 81 66 26 27
55 18 45 19 28
20 13 17 39 68
9 19 42 13 1
38 28 34 61 83
61 71 80 37 60
65 79 64 26 23
16 38 64 5 3
48 87 14 39 71
62 74 4 12 47
78 41 30 60 75
28 89 19 25 86
42 15 33 63 83
53 51 60 62 42
28 80 87 24 19
89 67 21 63 9
70 21 3 40 31
51 42 26 48 72
62 1 31 22 30
81 31 77 58 7
56 80 32 85 79
37 23 62 35 64
24 4 40 62 12
51 56 28 6 5
22 88 39 4 13
74 64 8 63 89
1 55 69 71 6
80 48 6 28 76
80 46 51 64 84
1 6 16 4 31
16 73 6 71 4
26 12 14 77 47
17 57 68 42 45
10 26 54 44 36
74 49 56 6 31
26 75 35 53 3
67 21 13 6 39
87 14 42 90 17
39 72 40 10 32
11 53 89 29 2
17 29 67 7 9
37 7 35 8 69
78 86 34 79 24
27 55 90 87 80
59 66 20 58 69
20 2 60 80 31
48 16 82 86 79
16 74 78 39 18
23 88 51 30 21
31 4 70 10 56
19 5 79 41 72
61 7 21 11 58
9 81 70 57 72
24 47 84 60 12
32 2 37 85 68
86 53 31 82 68
49 1 7 3 10
64 71 1 75 13
54 51 8 13 57
66 79 27 35 44
81 34 77 64 41
47 34 43 9 65
69 15 85 3 12
21 70 7 74 75
7 58 67 9 76
44 79 68 62 30
83 77 11 31 24
52 29 12 88 71
74 86 39 2 25
83 21 65 58 86
27 31 67 70 23
2 4 28 57 34
88 22 13 6 46
1 34 74 55 76
75 1 54 50 4
24 6 16 46 65
65 6 57 39 42
66 68 18 22 57
24 45 67 57 49
62 68 20 69 30
72 60 16 40 57
58 31 34 60 83
37 41 5 45 10
70 20 9 85 60
66 4 71 50 89
19 61 52 7 88
54 11 39 57 48
72 65 50 83 30
59 22 79 48 26
35 72 52 15 85
32 17 33 73 46
34 45 5 84 19
13 41 2 70 30
11 54 32 6 74
5 71 43 64 90
44 90 47 62 33
49 37 66 62 83
58 25 18 90 14
79 69 42 25 82
55 56 70 54 11
77 57 52 35 53
74 89 15 52 17
30 37 7 79 49
60 76 49 23 3
16 24 71 4 31
36 16 72 41 23
6 17 84 20 45
75 42 60 6 33
19 89 34 27 30
87 33 35 29 15
34 78 15 88 24
71 74 50 58 79
76 82 22 73 11
24 81 66 34 84
58 57 12 62 82
32 72 47 6 17
33 82 36 80 7
69 41 51 77 84
37 46 29 4 26
13 26 44 63 67
83 79 65 47 63
2 24 9 85 8
47 32 84 77 65
71 64 56 25 10
1 54 51 59 12
42 61 23 47 4
17 11 85 73 12
20 66 75 67 12
38 10 84 51 78
10 31 74 13 30
65 13 89 14 57
66 77 39 27 48
54 63 80 44 13
4 31 70 77 6
33 43 46 71 69
65 90 55 38 45
37 1 9 33 49
44 56 45 64 79
63 89 23 67 19
43 17 57 15 18
9 14 1 56 53
13 85 44 86 17
82 80 56 61 24
53 73 15 78 86
71 85 16 6 35
80 66 88 45 12
25 26 18 68 66
50 19 74 4 76
73 54 89 44 13
10 51 69 43 39
30 25 86 43 39
6 78 10 5 41
28 19 27 75 72
88 17 45 14 12
81 45 53 4 67
81 25 79 82 16
49 81 86 3 76
18 25 65 73 39
7 1 84 18 70
50 64 88 5 80
88 65 83 11 20
70 29 58 76 54
62 12 65 77 9
40 87 22 61 35
23 63 85 7 69
3 33 71 35 4
61 47 57 35 32
28 19 12 4 83
37 33 3 89 63
80 28 29 40 14
43 38 70 42 72
86 69 67 80 60
47 38 53 61 8
39 60 54 51 50
42 19 50 34 84
30 2 67 58 51
47 67 32 45 14
15 60 19 64 42
40 19 25 35 9
34 6 39 87 48
66 15 42 27 37
35 4 70 77 63
12 25 53 3 87
47 74 83 86 89
47 8 71 59 10
71 25 36 59 89
24 41 74 18 71
61 25 77 20 47
23 18 5 16 82
26 89 81 14 67
57 49 75 89 10
29 7 62 55 42
11 84 48 60 76
88 81 69 63 84
70 62 38 49 37
78 47 5 10 46
51 73 7 66 45
60 29 64 35 4
8 57 25 38 1
18 58 27 73 3
40 78 8 80 12
11 61 89 42 2
59 28 14 68 75
34 40 67 9 16
51 85 58 45 83
28 71 40 26 10
9 73 50 43 47
58 69 75 88 60
10 45 56 81 28
47 21 43 67 64
45 28 15 17 86
58 57 83 81 23
22 78 33 9 16
11 12 44 71 32
34 30 53 20 28
65 47 22 83 7
3 63 71 1 25
28 76 29 67 71
21 7 62 64 10
85 69 37 23 71
84 32 16 36 58
82 48 2 33 44
90 81 43 26 50
76 83 11 62 44
40 51 83 21 73
19 32 4 25 84
20 76 71 51 3
52 78 49 59 38
67 65 20 16 7
74 47 10 67 63
87 19 74 59 3
90 68 35 75 9
46 12 49 26 61
27 78 85 81 37
75 5 61 53 59
12 21 14 36 13
84 61 74 82 64
14 15 50 2 89
24 80 15 57 48
64 89 81 70 55
60 82 32 14 51
30 60 27 77 50
62 24 16 20 67
85 46 70 78 86
26 24 18 36 55
12 25 55 36 62
56 51 41 80 14
87 46 63 19 42
48 58 62 43 12
44 25 14 34 61
34 86 45 17 67
29 46 69 13 78
65 74 62 79 35
45 63 55 43 57
8 47 21 31 16
86 56 3 11 76
3 81 17 5 83
42 62 44 48 19
46 86 59 43 8
48 2 60 88 27
9 89 50 69 55
39 67 42 38 73
48 87 13 7 67
63 10 6 19 67
49 82 4 22 70
73 16 60 84 41
13 68 71 80 16
12 53 55 14 11
86 59 54 68 43
1 62 37 52 75
82 55 80 41 86
67 66 14 46 15
1 56 47 60 11
47 17 9 87 57
87 34 63 60 72
3 66 85 81 45
67 47 8 90 48
15 48 40 13 78
76 31 19 15 88
40 75 71 18 72
70 76 41 13 83
67 50 48 82 52
61 62 87 11 17
51 86 88 2 42
5 17 19 30 75
29 21 47 52 75
50 22 15 23 41
81 60 41 59 3
89 20 16 81 46
62 40 52 9 3
11 71 16 89 68
60 74 51 80 22
8 64 39 84 23
35 3 62 21 25
37 24 65 3 71
69 73 45 10 64
10 61 68 50 59
82 53 67 2 10
70 52 56 57 26
29 20 69 35 52
55 44 74 26 43
14 76 62 47 23
66 56 14 72 64
14 21 27 13 70
10 81 66 26 27
55 18 45 19 28
20 13 17 39 68
9 19 42 13 1
38 28 34 61 83
61 71 80 37 60
65 79 64 26 23
16 38 64 5 3
48 87 14 39 71
62 74 4 12 47
78 41 30 60 75
28 89 19 25 86
42 15 33 63 83
53 51 60 62 42
28 80 87 24 19
89 67 21 63 9
70 21 3 40 31
51 42 26 48 72
62 1 31 22 30
81 31 77 58 7
56 80 32 85 79
37 23 62 35 64
24 4 40 62 12
51 56 28 6 5
22 88 39 4 13
74 64 8 63 89
1 55 69 71 6
80 48 6 28 76
80 46 51 64 84
1 6 16 4 31
16 73 6 71 4
26 12 14 77 47
17 57 68 42 45
10 26 54 44 36
74 49 56 6 31
26 75 35 53 3
67 21 13 6 39
87 14 42 90 17
39 72 40 10 32
11 53 89 29 2
17 29 67 7 9
37 7 35 8 69
78 86 34 79 24
27 55 90 87 80
59 66 20 58 69
20 2 60 80 31
48 16 82 86 79
16 74 78 39 18
23 88 51 30 21
31 4 70 10 56
19 5 79 41 72
61 7 21 11 58
9 81 70 57 72
24 47 84 60 12
32 2 37 85 68
86 53 31 82 68
49 1 7 3 10
64 71 1 75 13
54 51 8 13 57
66 79 27 35 44
81 34 77 64 41
47 34 43 9 65
69 15 85 3 12
21 70 7 74 75
7 58 67 9 76
44 79 68 62 30
83 77 11 31 24
52 29 12 88 71
74 86 39 2 25
83 21 65 58 86
27 31 67 70 23
2 4 28 57 34
88 22 13 6 46
1 34 74 55 76
75 1 54 50 4
24 6 16 46 65
65 6 57 39 42
66 68 18 22 57
24 45 67 57 49
62 68 20 69 30
72 60 16 40 57
58 31 34 60 83
37 41 5 45 10
70 20 9 85 60
66 4 71 50 89
19 61 52 7 88
54 11 39 57 48
72 65 50 83 30
59 22 79 48 26
35 72 52 15 85
32 17 33 73 46
34 45 5 84 19
13 41 2 70 30
11 54 32 6 74
5 71 43 64 90
44 90 47 62 33
49 37 66 62 83
58 25 18 90 14
79 69 42 25 82
55 56 70 54 11
77 57 52 35 53
74 89 15 52 17
30 37 7 79 49
60 76 49 23 3
16 24 71 4 31
36 16 72 41 23
6 17 84 20 45
75 42 60 6 33
19 89 34 27 30
87 33 35 29 15
34 78 15 88 24
71 74 50 58 79
76 82 22 73 11
24 81 66 34 84
58 57 12 62 82
32 72 47 6 17
33 82 36 80 7
69 41 51 77 84
37 46 29 4 26
13 26 44 63 67
83 79 65 47 63
2 24 9 85 8
47 32 84 77 65
71 64 56 25 10
1 54 51 59 12
42 61 23 47 4
17 11 85 73 12
20 66 75 67 12
38 10 84 51 78
10 31 74 13 30
65 13 89 14 57
66 77 39 27 48
54 63 80 44 13
4 31 70 77 6
33 43 46 71 69
65 90 55 38 45
37 1 9 33 49
44 56 45 64 79
63 89 23 67 19
43 17 57 15 18
9 14 1 56 53
13 85 44 86 17
82 80 56 61 24
53 73 15 78 86
71 85 16 6 35
80 66 88 45 12
25 26 18 68 66
50 19 74 4 76
73 54 89 44 13
10 51 69 43 39
30 25 86 43 39
6 78 10 5 41
28 19 27 75 72
88 17 45 14 12
81 45 53 4 67
81 25 79 82 16
49 81 86 3 76
18 25 65 73 39
7 1 84 18 70
50 64 88 5 80
88 65 83 11 20
70 29 58 76 54
62 12 65 77 9
40 87 22 61 35
23 63 85 7 69
3 33 71 35 4
61 47 57 35 32
28 19 12 4 83
37 33 3 89 63
80 28 29 40 14
43 38 70 42 72
86 69 67 80 60
47 38 53 61 8
39 60 54 51 50
42 19 50 34 84
30 2 67 58 51
47 67 32 45 14
15 60 19 64 42
40 19 25 35 9
34 6 39 87 48
66 15 42 27 37
35 4 70 77 63
12 25 53 3 87
47 74 83 86 89
47 8 71 59 10
71 25 36 59 89
24 41 74 18 71
61 25 77 20 47
23 18 5 16 82
26 89 81 14 67
57 49 75 89 10
29 7 62 55 42
11 84 48 60 76
88 81 69 63 84
70 62 38 49 37
78 47 5 10 46
51 73 7 66 45
60 29 64 35 4
8 57 25 38 1
18 58 27 73 3
40 78 8 80 12
11 61 89 42 2
59 28 14 68 75
34 40 67 9 16
51 85 58 45 83
28 71 40 26 10
9 73 50 43 47
58 69 75 88 60
10 45 56 81 28
47 21 43 67 64
45 28 15 17 86
58 57 83 81 23
22 78 33 9 16
11 12 44 71 32
34 30 53 20 28
65 47 22 83 7
3 63 71 1 25
28 76 29 67 71
21 7 62 64 10
85 69 37 23 71
84 32 16 36 58
82 48 2 33 44
90 81 43 26 50
76 83 11 62 44
40 51 83 21 73
19 32 4 25 84
20 76 71 51 3
52 78 49 59 38
67 65 20 16 7
74 47 10 67 63
87 19 74 59 3
90 68 35 75 9
46 12 49 26 61
27 78 85 81 37
75 5 61 53 59
12 21 14 36 13
84 61 74 82 64
14 15 50 2 89
24 80 15 57 48
64 89 81 70 55
60 82 32 14 51
30 60 27 77 50
62 24 16 20 67
85 46 70 78 86
26 24 18 36 55
12 25 55 36 62
56 51 41 80 14
87 46 63 19 42
48 58 62 43 12
44 25 14 34 61
34 86 45 17 67
29 46 69 13 78
65 74 62 79 35
45 63 55 43 57
8 47 21 31 16
86 56 3 11 76
3 81 17 5 83
42 62 44 48 19
46 86 59 43 8
48 2 60 88 27
9 89 50 69 55
39 67 42 38 73
48 87 13 7 67
63 10 6 19 67
49 82 4 22 70
73 16 60 84 41
13 68 71 80 16
12 53 55 14 11
86 59 54 68 43
1 62 37 52 75
82 55 80 41 86
67 66 14 46 15
1 56 47 60 11
47 17 9 87 57
87 34 63 60 72
3 66 85 81 45
67 47 8 90 48
15 48 40 13 78
76 31 19 15 88
40 75 71 18 72
70 76 41 13 83
67 50 48 82 52
61 62 87 11 17
51 86 88 2 42
5 17 19 30 75
29 21 47 52 75
50 22 15 23 41
81 60 41 59 3
89 20 16 81 46
62 40 52 9 3
11 71 16 89 68
60 74 51 80 22
8 64 39 84 23
35 3 62 21 25
37 24 65 3 71
69 73 45 10 64
10 61 68 50 59
82 53 67 2 10
70 52 56 57 26
29 20 69 35 52
55 44 74 26 43
14 76 62 47 23
66 56 14 72 64
14 21 27 13 70
10 81 66 26 27
55 18 45 19 28
20 13 17 39 68
9 19 42 13 1
38 28 34 61 83
61 71 80 37 60
65 79 64 26 23
16 38 64 5 3
48 87 14 39 71
62 74 4 12 47
78 41 30 60 75
28 89 19 25 86
42 15 33 63 83
53 51 60 62 42
28 80 87 24 19
89 67 21 63 9
70 21 3 40 31
51 42 26 48 72
62 1 31 22 30
81 31 77 58 7
56 80 32 85 79
37 23 62 35 64
24 4 40 62 12
51 56 28 6 5
22 88 39 4 13
74 64 8 63 89
1 55 69 71 6
80 48 6 28 76
80 46 51 64 84
1 6 16 4 31
16 73 6 71 4
26 12 14 77 47
17 57 68 42 45
10 26 54 44 36
74 49 56 6 31
26 75 35 53 3
67 21 13 6 39
87 14 42 90 17
39 72 40 10 32
11 53 89 29 2
17 29 67 7 9
37 7 35 8 69
78 86 34 79 24
27 55 90 87 80
59 66 20 58 69
20 2 60 80 31
48 16 82 86 79
16 74 78 39 18
23 88 51 30 21
31 4 70 10 56
19 5 79 41 72
61 7 21 11 58
9 81 70 57 72
24 47 84 60 12
32 2 37 85 68
86 53 31 82 68
49 1 7 3 10
64 71 1 75 13
54 51 8 13 57
66 79 27 35 44
81 34 77 64 41
47 34 43 9 65
69 15 85 3 12
21 70 7 74 75
7 58 67 9 76
44 79 68 62 30
83 77 11 31 24
52 29 12 88 71
74 86 39 2 25
83 21 65 58 86
27 31 67 70 23
2 4 28 57 34
88 22 13 6 46
1 34 74 55 76
75 1 54 50 4
24 6 16 46 65
65 6 57 39 42
66 68 18 22 57
24 45 67 57 49
62 68 20 69 30
72 60 16 40 57
58 31 34 60 83
37 41 5 45 10
70 20 9 85 60
66 4 71 50 89
19 61 52 7 88
54 11 39 57 48
72 65 50 83 30
59 22 79 48 26
35 72 52 15 85
32 17 33 73 46
34 45 5 84 19
13 41 2 70 30
11 54 32 6 74
5 71 43 64 90
44 90 47 62 33
49 37 66 62 83
58 25 18 90 14
79 69 42 25 82
55 56 70 54 11
77 57 52 35 53
74 89 15 52 17
30 37 7 79 49
60 76 49 23 3
16 24 71 4 31
36 16 72 41 23
6 17 84 20 45
75 42 60 6 33
19 89 34 27 30
87 33 35 29 15
34 78 15 88 24
71 74 50 58 79
76 82 22 73 11
24 81 66 34 84
58 57 12 62 82
32 72 47 6 17
33 82 36 80 7
69 41 51 77 84
37 46 29 4 26
13 26 44 63 67
83 79 65 47 63
2 24 9 85 8
47 32 84 77 65
71 64 56 25 10
1 54 51 59 12
42 61 23 47 4
17 11 85 73 12
20 66 75 67 12
38 10 84 51 78
10 31 74 13 30
65 13 89 14 57
66 77 39 27 48
54 63 80 44 13
4 31 70 77 6
33 43 46 71 69
65 90 55 38 45
37 1 9 33 49
44 56 45 64 79
63 89 23 67 19
43 17 57 15 18
9 14 1 56 53
13 85 44 86 17
82 80 56 61 24
53 73 15 78 86
71 85 16 6 35
80 66 88 45 12
25 26 18 68 66
50 19 74 4 76
73 54 89 44 13
10 51 69 43 39
30 25 86 43 39
6 78 10 5 41
28 19 27 75 72
88 17 45 14 12
81 45 53 4 67
81 25 79 82 16
49 81 86 3 76
18 25 65 73 39
7 1 84 18 70
50 64 88 5 80
88 65 83 11 20
70 29 58 76 54
62 12 65 77 9
40 87 22 61 35
23 63 85 7 69
3 33 71 35 4
61 47 57 35 32
28 19 12 4 83
37 33 3 89 63
80 28 29 40 14
43 38 70 42 72
86 69 67 80 60
47 38 53 61 8
39 60 54 51 50
42 19 50 34 84
30 2 67 58 51
47 67 32 45 14
15 60 19 64 42
40 19 25 35 9
34 6 39 87 48
66 15 42 27 37
35 4 70 77 63
